STARLINK-31             
1 44235C 19029A   20218.14891991  .00950159  00000-0  49068-2 0  2186
2 44235  52.9919 332.9633 0001370  49.0898   2.7404 15.79465078    13
STARLINK-22             
1 44236C 19029B   20218.14296690  .00888759  00000-0  91374-3 0  2186
2 44236  52.9972 284.0364 0006250 290.4555 318.0695 16.09041990    17
STARLINK-23             
1 44237C 19029C   20217.78503745  .00940080  00000-0  50105-2 0  2179
2 44237  52.9972 334.5576 0001169  70.3268  40.6124 15.78785091    11
STARLINK-25             
1 44239C 19029E   20217.74924178  .00132531  00000-0  89806-3 0  2179
2 44239  53.0072 334.3887 0001404   4.8171  99.2380 15.74180236    16
STARLINK-27             
1 44241C 19029G   20217.64383019  .00941343  00000-0  50718-2 0  2172
2 44241  53.0097 335.7270 0001418  61.2190  20.6151 15.78546189    11
STARLINK-28             
1 44242C 19029H   20218.14560950  .00246325  00000-0  22838-3 0  2182
2 44242  52.9927 277.3923 0008448 275.6727 339.4443 16.11186258    15
STARLINK-29             
1 44243C 19029J   20218.06575811  .00036472  00000-0  13427-3 0  2180
2 44243  52.9980 228.9747 0002285  67.6584  38.2630 15.87473528    17
STARLINK-30             
1 44244C 19029K   20217.73070339  .00926782  00000-0  49593-2 0  2172
2 44244  52.9986 334.7304 0001201  77.4819  24.4521 15.78711215    10
STARLINK-21             
1 44245C 19029L   20218.13370565  .00934854  00000-0  48499-2 0  2186
2 44245  53.0007 333.6015 0001538 130.8653 187.4263 15.79380133    12
STARLINK-33             
1 44247C 19029N   20217.98950721  .00882167  00000-0  91646-3 0  2179
2 44247  53.0044 279.4940 0006967 293.6683  13.0857 16.08879336    15
STARLINK-34             
1 44248C 19029P   20218.09511095  .00040273  00000-0  15423-3 0  2184
2 44248  53.0001 288.4622 0004004 346.5703 254.6299 15.86659857    19
STARLINK-36             
1 44250C 19029R   20217.87543694  .00936073  00000-0  49542-2 0  2171
2 44250  52.9959 334.0968 0001400  50.1662 184.9242 15.78942602    19
STARLINK-37             
1 44251C 19029S   20217.78980189  .00934501  00000-0  49790-2 0  2175
2 44251  52.9789 333.4425 0001169  87.5219  26.5104 15.78798168    10
STARLINK-71             
1 44252C 19029T   20218.10412187  .00002110  00000-0  11992-3 0  2188
2 44252  53.0023 348.9989 0001925  83.0907 201.8955 15.12381670    11
STARLINK-39             
1 44253C 19029U   20217.79738749  .00940503  00000-0  50078-2 0  2171
2 44253  53.0073 334.9137 0001316  51.5312 171.5996 15.78806700    17
STARLINK-32             
1 44254C 19029V   20217.78662303  .00944344  00000-0  50329-2 0  2179
2 44254  52.9966 334.5373 0001202  82.0682  31.8429 15.78782584    10
STARLINK-66             
1 44255C 19029W   20218.08328543  .00246561  00000-0  22974-3 0  2182
2 44255  53.0013 279.9049 0008009 276.5766 325.9328 16.11121246    18
STARLINK-42             
1 44256C 19029X   20218.14065760  .00035795  00000-0  20282-3 0  2184
2 44256  52.9922 282.3986 0009016 337.9155 268.3566 15.78269206    12
STARLINK-43             
1 44257C 19029Y   20218.14775368  .00010874  00000-0  34093-3 0  2183
2 44257  53.0022 289.7698 0001000  70.1947  13.3447 15.32497347    12
STARLINK-40             
1 44258C 19029Z   20217.80682961  .00939600  00000-0  49994-2 0  2173
2 44258  52.9969 334.4484 0001051  84.0171 138.8669 15.78823276    14
STARLINK-52             
1 44259C 19029AA  20218.05244964  .00055073  00000-0  17423-3 0  2186
2 44259  52.9991 230.0181 0002201  68.2176 201.9308 15.90471613    12
STARLINK-45             
1 44260C 19029AB  20217.78309460  .00944196  00000-0  50333-2 0  2178
2 44260  53.0077 333.5508 0001120  69.1339  48.7383 15.78777749    18
STARLINK-44             
1 44261C 19029AC  20217.72297454  .00954517  00000-0  51128-2 0  2173
2 44261  52.9973 334.8451 0001430  52.7007  47.3156 15.78661637    18
STARLINK-49             
1 44262C 19029AD  20218.14368773  .00937551  00000-0  48601-2 0  2186
2 44262  53.0109 333.2303 0001430  58.0688 353.0028 15.79395194    13
STARLINK-72             
1 44263C 19029AE  20217.79735964  .00935484  00000-0  49810-2 0  2172
2 44263  52.9992 334.3513 0001211  78.0844  36.9327 15.78811817    13
STARLINK-35             
1 44264C 19029AF  20217.81480197  .00942197  00000-0  50105-2 0  2179
2 44264  52.9976 334.3457 0001061  82.0639 150.1599 15.78832653    14
STARLINK-63             
1 44265C 19029AG  20218.16161774  .00934809  00000-0  48392-2 0  2183
2 44265  52.9990 331.9725 0001298  66.3715 344.7513 15.79428031    13
STARLINK-54             
1 44266C 19029AH  20217.78700247  .00933591  00000-0  49748-2 0  2177
2 44266  52.9992 333.8207 0001264  58.3236 165.7276 15.78796599    17
STARLINK-69             
1 44267C 19029AJ  20218.14918607  .00953222  00000-0  49406-2 0  2185
2 44267  53.0009 331.8947 0001251  72.3835 340.0273 15.79383154    10
STARLINK-55             
1 44268C 19029AK  20218.12518421  .00037667  00000-0  44838-3 0  2185
2 44268  52.9936 285.9011 0001528  73.5748   6.3164 15.60435726    16
STARLINK-57             
1 44269C 19029AL  20217.85710904  .00934773  00000-0  49543-2 0  2175
2 44269  53.0007 333.9073 0001146  61.5542 165.2607 15.78913800    15
STARLINK-58             
1 44270C 19029AM  20217.41598082  .00314089  00000-0  25444-3 0  2177
2 44270  52.9993 291.3540 0007701 279.0454 155.3985 16.13103002    10
STARLINK-59             
1 44271C 19029AN  20217.81714982  .00926435  00000-0  49247-2 0  2171
2 44271  52.9971 333.6186 0001227  59.3130 156.2612 15.78856715    13
STARLINK-51             
1 44272C 19029AP  20218.16505308  .00937459  00000-0  48518-2 0  2180
2 44272  52.9975 332.4965 0001539  52.6012   6.0818 15.79429708    10
STARLINK-62             
1 44274C 19029AR  20217.68003271  .00159057  00000-0  22557-3 0  2175
2 44274  53.0034 290.2273 0002887  32.1442 192.1292 16.04730477    10
STARLINK-64             
1 44275C 19029AS  20218.09050927  .00014059  00000-0  36111-3 0  2186
2 44275  52.9919 314.7639 0007064 111.4120 198.9381 15.38689648    17
STARLINK-65             
1 44276C 19029AT  20217.82337892  .00009356  00000-0  20285-3 0  2174
2 44276  53.0014 337.3039 0000506  31.5244  85.6698 15.43815471    18
STARLINK-41             
1 44277C 19029AU  20218.14545149  .00800261  00000-0  82174-3 0  2187
2 44277  53.0019 280.2258 0004657 286.5440 327.2929 16.09167800    15
STARLINK-68             
1 44279C 19029AW  20218.14721650  .00026477  00000-0  47653-3 0  2184
2 44279  52.9971 333.5370 0000813  42.6382   6.3084 15.49192330    11
STARLINK-38             
1 44280C 19029AX  20217.60483291  .00930619  00000-0  50282-2 0  2174
2 44280  53.0026 335.2597 0001433  61.9548   8.2268 15.78494544    12
STARLINK-70             
1 44281C 19029AY  20218.15835379  .00010399  00000-0  32549-3 0  2186
2 44281  52.9993 339.4609 0001497  90.3577 228.1012 15.32549959    13
STARLINK-56             
1 44283C 19029BA  20217.81733727  .00943320  00000-0  50152-2 0  2171
2 44283  53.0000 334.2764 0001114  65.5308 145.1803 15.78836974    15
STARLINK-73             
1 44284C 19029BB  20217.73830802  .00953017  00000-0  50983-2 0  2171
2 44284  53.0007 334.6454 0001203  75.7942  39.4303 15.78691137    19
STARLINK-50             
1 44285C 19029BC  20218.13490515  .01081375  00000-0  12755-1 0  2185
2 44285  53.0044 336.0908 0001431  67.8461 247.5396 15.59640353    19
STARLINK-75             
1 44286C 19029BD  20218.07620604  .00069246  00000-0  59280-3 0  2181
2 44286  53.0050 286.2353 0009659  45.3277  21.3287 15.68639116    15
STARLINK-76             
1 44287C 19029BE  20218.16638141  .00018750  00000-0  39644-3 0  2183
2 44287  52.9989 335.3527 0000802  69.7650 153.3014 15.44545425    17
STARLINK-79             
1 44288C 19029BF  20217.85514812  .00948555  00000-0  50288-2 0  2177
2 44288  53.0091 334.7663 0001250  57.3747 170.2419 15.78893871    11
STARLINK-48             
1 44289C 19029BG  20218.15426105  .00005218  00000-0  23733-3 0  2186
2 44289  53.0049 319.9243 0001477  66.4891 163.8220 15.20202709    15
STARLINK-78             
1 44290C 19029BH  20218.12548427  .00931901  00000-0  48374-2 0  2181
2 44290  53.0122 333.2986 0001538  45.6067 273.9045 15.79370842    10
STARLINK-77             
1 44291C 19029BJ  20217.81036720  .00013044  00000-0  17445-3 0  2179
2 44291  53.0107 336.0741 0001136  56.1325 151.0729 15.57389719    16
STARLINK-81             
1 44292C 19029BK  20217.79155171  .00013132  00000-0  17584-3 0  2171
2 44292  53.0106 336.1939 0001813  68.2043  44.0334 15.57355183    10
STARLINK-74             
1 44293C 19029BL  20217.79585840  .00940622  00000-0  50083-2 0  2175
2 44293  53.0084 334.9962 0001087  67.6977 152.9772 15.78807513    17
STARLINK-53             
1 44294C 19029BM  20218.13639781  .00006238  00000-0  83760-4 0  2186
2 44294  52.9986 333.7356 0000927  68.6119 340.1587 15.57289806    13
STARLINK-1007           
1 44713C 19074A   20218.14076078  .00000505  00000-0  34592-4 0  2187
2 44713  53.0012 355.9774 0001285 109.1025 180.7313 15.05585731    10
STARLINK-1008           
1 44714C 19074B   20218.16176407  .00001561  00000-0  10689-3 0  2180
2 44714  53.0006 355.8794 0001226 103.3962  30.3509 15.05577054    12
STARLINK-1009           
1 44715C 19074C   20218.15169038  .00001887  00000-0  12927-3 0  2180
2 44715  52.9991 355.9272 0001337 107.3086  25.8206 15.05581174    11
STARLINK-1010           
1 44716C 19074D   20218.14144839 -.00023443  00000-0 -16058-2 0  2184
2 44716  52.9975 355.9813 0001299 109.3979  22.2245 15.05601062    18
STARLINK-1011           
1 44717C 19074E   20218.13641343 -.00026066  00000-0 -17847-2 0  2187
2 44717  53.0008  15.9994 0001580 108.6807 173.4160 15.05620120    17
STARLINK-1012           
1 44718C 19074F   20218.13798314  .00001373  00000-0  94019-4 0  2189
2 44718  53.0002 355.9888 0001428 117.2383  13.4915 15.05580228    12
STARLINK-1013           
1 44719C 19074G   20217.88235609  .00007849  00000-0  53758-3 0  2171
2 44719  53.0002 357.1371 0001394 113.7786  16.7275 15.05576784    11
STARLINK-1014           
1 44720C 19074H   20218.16506256  .00001355  00000-0  92754-4 0  2181
2 44720  53.0012 355.8658 0003712 241.6029 252.0987 15.05583148    11
STARLINK-1015           
1 44721C 19074J   20218.15499727  .00001682  00000-0  11521-3 0  2180
2 44721  52.9990 355.9153 0001298 115.3773  17.7294 15.05566583    17
STARLINK-1016           
1 44722C 19074K   20218.15829699  .00001571  00000-0  10757-3 0  2183
2 44722  53.0010 355.8924 0001083 114.3742  18.4868 15.05592100    14
STARLINK-1017           
1 44723C 19074L   20218.13398789  .00000541  00000-0  37018-4 0  2189
2 44723  53.0012 356.0077 0001300 101.0048 188.0664 15.05584267    16
STARLINK-1019           
1 44724C 19074M   20218.16907238  .00001828  00000-0  12520-3 0  2187
2 44724  53.0000 355.8492 0001264 116.2775 201.0885 15.05587844    11
STARLINK-1020           
1 44725C 19074N   20218.10863448  .00001586  00000-0  10861-3 0  2183
2 44725  53.0005  16.1200 0001286 106.6126 168.8450 15.05584179    14
STARLINK-1021           
1 44726C 19074P   20218.13084509 -.00021355  00000-0 -14623-2 0  2187
2 44726  53.0006 356.0224 0001404 115.5742  12.4655 15.05611115    15
STARLINK-1022           
1 44727C 19074Q   20218.00232969 -.00001999  00000-0 -13691-3 0  2186
2 44727  53.0010  36.5884 0001417 101.8116 119.4825 15.05580558    13
STARLINK-1023           
1 44728C 19074R   20218.13728385  .00000419  00000-0  28716-4 0  2182
2 44728  52.9999 355.9903 0001226 103.7068 185.2525 15.05579654    16
STARLINK-1024           
1 44729C 19074S   20218.12547569  .00000590  00000-0  40444-4 0  2187
2 44729  53.0012  16.0440 0001298  97.8508 178.9555 15.05577483    17
STARLINK-1025           
1 44730C 19074T   20217.91953435  .00006258  00000-0  42854-3 0  2170
2 44730  53.0005 356.9693 0001396 110.9001 113.1954 15.05579107    10
STARLINK-1026           
1 44731C 19074U   20218.14492362  .00001603  00000-0  10982-3 0  2181
2 44731  53.0014 355.9592 0001444 105.0615  27.3598 15.05566403    13
STARLINK-1027           
1 44732C 19074V   20218.16732362  .00001223  00000-0  83822-4 0  2183
2 44732  52.9991  15.8573 0001364 108.3215 179.4475 15.05570162    10
STARLINK-1028           
1 44733C 19074W   20218.16052131 -.00003771  00000-0 -25814-3 0  2181
2 44733  53.0019 355.8892 0001282 122.3797 184.5484 15.05603030    13
STARLINK-1029           
1 44734C 19074X   20217.72478979  .00014697  00000-0  16702-3 0  2177
2 44734  52.9981 301.0554 0003973 104.9810 309.5795 15.61654052    15
STARLINK-1030           
1 44735C 19074Y   20217.96219311  .00006976  00000-0  47762-3 0  2178
2 44735  52.9998  16.7776 0001147 114.6717 104.6034 15.05587700    18
STARLINK-1031           
1 44736C 19074Z   20218.12252674  .00000729  00000-0  49946-4 0  2185
2 44736  52.9996  16.0630 0001278 107.2054 171.6092 15.05592841    16
STARLINK-1032           
1 44737C 19074AA  20218.13103274  .00001117  00000-0  76540-4 0  2180
2 44737  53.0014  16.0216 0001548 114.1110 156.7974 15.05574192    12
STARLINK-1033           
1 44738C 19074BA  20217.97664484  .00005759  00000-0  39449-3 0  2178
2 44738  52.9998  16.7354 0001382 110.5307 115.1470 15.05573489    14
STARLINK-1052           
1 44739C 19074AC  20218.11210654  .00001195  00000-0  81848-4 0  2184
2 44739  53.0004  16.1052 0001291  93.3956 182.9377 15.05571756    14
STARLINK-1035           
1 44740C 19074AD  20218.12946039  .00000573  00000-0  39241-4 0  2189
2 44740  53.0009  16.0271 0001394 114.2111 166.1568 15.05586851    11
STARLINK-1036           
1 44741C 19074AE  20218.13989319  .00000635  00000-0  43463-4 0  2189
2 44741  52.9999  15.9796 0001319 112.0706 170.9051 15.05589071    18
STARLINK-1038           
1 44743C 19074AG  20218.05353101  .00030026  00000-0  20559-2 0  2182
2 44743  52.9996  36.3704 0001333 105.0182 141.8670 15.05562046    16
STARLINK-1039           
1 44744C 19074AH  20218.13050734  .00023430  00000-0  16043-2 0  2182
2 44744  52.9983  36.0216 0001389  96.8772 171.4860 15.05567698    19
STARLINK-1041           
1 44746C 19074AK  20218.12007623 -.00001324  00000-0 -90698-4 0  2182
2 44746  52.9997  36.0694 0001415 109.7076 156.1792 15.05568704    10
STARLINK-1042           
1 44747C 19074AL  20218.14786848  .00002389  00000-0  16369-3 0  2180
2 44747  53.0012  35.9353 0001303 107.7204 164.8564 15.05566731    19
STARLINK-1043           
1 44748C 19074AM  20218.00208712  .00006565  00000-0  44958-3 0  2180
2 44748  53.0005  36.5991 0001403 100.8016 317.0768 15.05581624    19
STARLINK-1044           
1 44749C 19074AN  20218.14336054  .00000981  00000-0  67168-4 0  2182
2 44749  53.0013  15.9654 0001135 110.7325 173.0103 15.05595825    12
STARLINK-1045           
1 44750C 19074AP  20217.97704662  .00035324  00000-0  24190-2 0  2172
2 44750  53.0002  36.7148 0001370 107.7902  30.3249 15.05551902    13
STARLINK-1046           
1 44751C 19074AQ  20217.98812113 -.00002243  00000-0 -15365-3 0  2176
2 44751  52.9986  36.6609 0001376 100.1826 134.0681 15.05578185    16
STARLINK-1047           
1 44752C 19074AR  20218.14662830  .00000720  00000-0  49328-4 0  2189
2 44752  53.0009  15.9507 0001423 102.3270 181.2093 15.05574466    11
STARLINK-1048           
1 44753C 19074AS  20218.07599916  .00000318  00000-0  21770-4 0  2180
2 44753  53.0002 356.2680 0001340 112.2256 168.4192 15.05577961    10
STARLINK-1049           
1 44754C 19074AT  20218.07947517  .00000445  00000-0  30489-4 0  2183
2 44754  52.9989 356.2524 0001290 111.6732 169.8108 15.05587415    13
STARLINK-1050           
1 44755C 19074AU  20217.97894529  .00007550  00000-0  51710-3 0  2178
2 44755  53.0025  36.6904 0001454 109.1333  21.2491 15.05575588    13
STARLINK-1051           
1 44756C 19074AV  20218.15064808  .00000720  00000-0  49281-4 0  2183
2 44756  52.9998 355.9318 0001089 115.0695 174.3098 15.05585358    17
STARLINK-1034           
1 44757C 19074AW  20218.16054451  .00001289  00000-0  88309-4 0  2183
2 44757  53.0001  15.8889 0001227 109.6865 177.2768 15.05577142    10
STARLINK-1053           
1 44758C 19074AX  20218.16159520  .00001828  00000-0  12516-3 0  2182
2 44758  53.0003  35.8753 0001344 104.8537 170.0513 15.05587664    17
STARLINK-1054           
1 44759C 19074AY  20218.15482021  .00002266  00000-0  15518-3 0  2189
2 44759  53.0024  35.9075 0001521 110.7047 163.4499 15.05587330    17
STARLINK-1055           
1 44760C 19074AZ  20217.98242035  .00007619  00000-0  52170-3 0  2171
2 44760  53.0008  36.6753 0001335 109.7562  21.4711 15.05582728    11
STARLINK-1056           
1 44761C 19074BA  20218.15134713  .00002489  00000-0  17051-3 0  2185
2 44761  53.0006  35.9193 0001472 110.0902 163.3052 15.05577418    19
STARLINK-1057           
1 44762C 19074BB  20218.15707436 -.00025761  00000-0 -17646-2 0  2183
2 44762  53.0001  15.9023 0001285 111.0270 175.1951 15.05603914    16
STARLINK-1058           
1 44763C 19074BC  20218.02940054  .00006532  00000-0  44740-3 0  2184
2 44763  53.0005  36.4738 0001294 108.3084 115.7230 15.05572572    19
STARLINK-1059           
1 44764C 19074BD  20218.15337609  .00001161  00000-0  79518-4 0  2180
2 44764  53.0004  15.9189 0001353  95.8982 188.2031 15.05572008    12
STARLINK-1060           
1 44765C 19074BE  20218.16967367  .00001132  00000-0  77565-4 0  2180
2 44765  53.0006  15.8456 0001495 109.1300 173.3271 15.05580975    14
STARLINK-1061           
1 44766C 19074BF  20218.16506676  .00001480  00000-0  10139-3 0  2182
2 44766  53.0018  35.8655 0001521 108.3925 167.3886 15.05575781    19
STARLINK-1062           
1 44767C 19074BG  20218.01638279  .00007040  00000-0  48200-3 0  2180
2 44767  53.0014  36.5254 0001297  98.8875 126.5494 15.05586884    14
STARLINK-1063           
1 44768C 19074BH  20218.04191010  .00005059  00000-0  34653-3 0  2186
2 44768  52.9993  36.4188 0001258 107.2644 130.6462 15.05575708    14
STARLINK-1064           
1 44769C 19074BJ  20218.11434288  .00002239  00000-0  15329-3 0  2188
2 44769  53.0000  36.0933 0001377 106.4115 146.3000 15.05587067    19
STARLINK-1067           
1 44771C 19074BL  20218.16853623 -.00025451  00000-0 -17432-2 0  2183
2 44771  53.0024  35.8468 0001352 101.0550 175.5879 15.05608064    14
STARLINK-1068           
1 44772C 19074BM  20218.16401811  .00001265  00000-0  86614-4 0  2187
2 44772  53.0007  15.8706 0001358 110.9078 176.8716 15.05588699    14
STARLINK-1073           
1 44914C 20001A   20218.12166073  .00003239  00000-0  22186-3 0  2187
2 44914  53.0013 156.0632 0001296  84.2421  33.3796 15.05580206    12
STARLINK-1084           
1 44915C 20001B   20218.15325663  .00003132  00000-0  21455-3 0  2183
2 44915  52.9991 155.9215 0001500  86.6254  40.2985 15.05576678    14
STARLINK-1097           
1 44916C 20001C   20218.16332101  .00003730  00000-0  25545-3 0  2188
2 44916  53.0015 155.8772 0001412  95.7140  31.8016 15.05584340    14
STARLINK-1098           
1 44917C 20001D   20218.15654200 -.00006284  00000-0 -43025-3 0  2187
2 44917  52.9996 155.9068 0001616 100.0195  26.7885 15.05599935    19
STARLINK-1099           
1 44918C 20001E   20218.16660692  .00029056  00000-0  19904-2 0  2189
2 44918  53.0001 155.8612 0001340 104.3347  22.9897 15.05545670    11
STARLINK-1101           
1 44919C 20001F   20218.11089589  .00002609  00000-0  17871-3 0  2182
2 44919  53.0013 156.1114 0001317  71.8171  41.4231 15.05573755    16
STARLINK-1102           
1 44920C 20001G   20218.11454035 -.00021642  00000-0 -14818-2 0  2183
2 44920  53.0017 156.0956 0001421 103.2323  11.6951 15.05614936    15
STARLINK-1103           
1 44921C 20001H   20218.17016899 -.00004109  00000-0 -28138-3 0  2182
2 44921  53.0017 155.8452 0001413  82.5238  10.1865 15.05593125    13
STARLINK-1104           
1 44922C 20001J   20218.16992678  .00004207  00000-0  28818-3 0  2182
2 44922  53.0005 155.8428 0001332  83.2025  44.1351 15.05570106    17
STARLINK-1106           
1 44923C 20001K   20218.12875169  .00003267  00000-0  22376-3 0  2182
2 44923  52.9995 156.0300 0001170  91.2344  28.8560 15.05576376    15
STARLINK-1111           
1 44924C 20001L   20218.11798215  .00003290  00000-0  22526-3 0  2181
2 44924  53.0001 156.0804 0001664  88.9879  26.6772 15.05587024    12
STARLINK-1112           
1 44925C 20001M   20218.13239083 -.00020288  00000-0 -13898-2 0  2186
2 44925  53.0009 156.0107 0001396  85.6868  36.1625 15.05596474    13
STARLINK-1113           
1 44926C 20001N   20218.13953907 -.00005675  00000-0 -38849-3 0  2182
2 44926  53.0026 155.9771 0001619  83.5014  41.0217 15.05609008    16
STARLINK-1114           
1 44927C 20001P   20218.14648115  .00003147  00000-0  21549-3 0  2185
2 44927  53.0010 155.9486 0001497  83.5493  42.6826 15.05586895    19
STARLINK-1119           
1 44928C 20001Q   20218.14300895  .00003222  00000-0  22066-3 0  2185
2 44928  53.0016 155.9659 0001528  76.1249  49.1954 15.05579904    17
STARLINK-1121           
1 44929C 20001R   20218.12531053  .00003280  00000-0  22469-3 0  2187
2 44929  53.0005 156.0434 0001496  84.8348  34.5823 15.05574277    10
STARLINK-1123           
1 44930C 20001S   20218.15985969  .00003549  00000-0  24303-3 0  2188
2 44930  53.0006 155.8941 0001448  98.0287  28.7398 15.05589795    12
STARLINK-1128           
1 44931C 20001T   20218.13588046 -.00000761  00000-0 -52084-4 0  2185
2 44931  53.0023 155.9956 0001538  91.6103  31.0978 15.05596014    18
STARLINK-1130 (DARKSAT) 
1 44932C 20001U   20218.14978475  .00003154  00000-0  21607-3 0  2189
2 44932  53.0005 155.9379 0001465  81.6800  44.4082 15.05575051    12
STARLINK-1144           
1 44933C 20001V   20218.17339421  .00004602  00000-0  31514-3 0  2182
2 44933  52.9992 155.8328 0001440  92.4346  35.7045 15.05582037    11
STARLINK-1071           
1 44934C 20001W   20218.12651793  .00005485  00000-0  37561-3 0  2185
2 44934  52.9992 136.0401 0001598  82.3128  45.7461 15.05584937    19
STARLINK-1072           
1 44935C 20001X   20218.16365073  .00005667  00000-0  38809-3 0  2181
2 44935  53.0006 135.8763 0001543  89.0175  42.4238 15.05577446    15
STARLINK-1078           
1 44936C 20001Y   20218.11836256  .00026735  00000-0  18315-2 0  2181
2 44936  53.0007 136.0764 0001437  88.6576  31.2036 15.05546569    17
STARLINK-1079           
1 44937C 20001Z   20218.16987921 -.00009715  00000-0 -66514-3 0  2189
2 44937  53.0017 135.8448 0001514  94.5509  34.6717 15.05607027    13
STARLINK-1082           
1 44938C 20001AA  20218.14370545  .00005848  00000-0  40057-3 0  2181
2 44938  53.0008 135.9647 0001533  83.5581  47.7547 15.05572609    18
STARLINK-1083           
1 44939C 20001AB  20218.15030598 -.00015989  00000-0 -10950-2 0  2181
2 44939  52.9988 135.9451 0001288  95.3061  35.7611 15.05601273    17
STARLINK-1091           
1 44940C 20001AC  20218.16037837  .00005534  00000-0  37911-3 0  2187
2 44940  52.9974 135.9105 0001603  86.4908  45.2398 15.05566724    11
STARLINK-1094           
1 44941C 20001AD  20218.11314701  .00004367  00000-0  29900-3 0  2183
2 44941  53.0003 136.1014 0001495  98.1737  29.3890 15.05588780    14
STARLINK-1096           
1 44942C 20001AE  20218.16697323  .00005729  00000-0  39248-3 0  2182
2 44942  53.0013 135.8579 0001354  89.0524  42.4010 15.05566293    10
STARLINK-1100           
1 44943C 20001AF  20218.14700589  .00005713  00000-0  39127-3 0  2189
2 44943  52.9984 135.9561 0001209  88.2920  42.9280 15.05576490    12
STARLINK-1108           
1 44944C 20001AG  20218.12322505  .00005255  00000-0  35981-3 0  2181
2 44944  52.9989 136.0572 0001626  93.7239  34.5076 15.05586087    12
STARLINK-1109           
1 44945C 20001AH  20218.15708053  .00005573  00000-0  38169-3 0  2185
2 44945  52.9962 135.9200 0001430  79.5999  52.2507 15.05578732    12
STARLINK-1110           
1 44946C 20001AJ  20218.12235822  .00005224  00000-0  35591-3 0  2181
2 44946  53.0026 136.0140 0000955  38.7969  84.6409 15.05771007    16
STARLINK-1116           
1 44947C 20001AK  20218.17356589 -.00009580  00000-0 -65598-3 0  2182
2 44947  52.9997 135.8314 0001625  94.4498  36.8140 15.05601399    10
STARLINK-1122           
1 44949C 20001AM  20218.13693388  .00005824  00000-0  39900-3 0  2184
2 44949  53.0000 135.9930 0001423  89.9871  40.6433 15.05564968    12
STARLINK-1125           
1 44950C 20001AN  20218.15360817  .00037563  00000-0  25769-2 0  2188
2 44950  52.9977 135.9300 0001491 105.4326  25.8677 15.05483555    17
STARLINK-1126           
1 44951C 20001AP  20218.13328972  .00004200  00000-0  28726-3 0  2182
2 44951  53.0023 136.0136 0001392  43.5496  57.8082 15.05629086    17
STARLINK-1117           
1 44952C 20001AQ  20218.11645585  .00004721  00000-0  32335-3 0  2182
2 44952  53.0014 136.0871 0001533  90.1891  37.2494 15.05576503    12
STARLINK-1124           
1 44953C 20001AR  20218.13346281  .00005869  00000-0  40197-3 0  2185
2 44953  53.0013 136.0117 0001654  75.8901  53.8468 15.05577783    17
STARLINK-1066           
1 44954C 20001AS  20218.16002992  .00008046  00000-0  55096-3 0  2181
2 44954  52.9994 115.8933 0001614  76.9356  54.9590 15.05581400    16
STARLINK-1069           
1 44955C 20001AT  20218.16955214 -.00102400  00000-0 -70214-2 0  2185
2 44955  53.0007 115.8496 0001799  97.9462  31.8385 15.05641896    15
STARLINK-1070           
1 44956C 20001AU  20218.16677266 -.00011511  00000-0 -78793-3 0  2187
2 44956  53.0014 115.8597 0001301  92.9917  39.5087 15.05615681    12
STARLINK-1074           
1 44957C 20001AV  20218.12669148  .00006627  00000-0  45387-3 0  2187
2 44957  53.0004 116.0411 0001317 102.1351  28.9940 15.05579662    11
STARLINK-1075           
1 44958C 20001AW  20218.12009775 -.00002766  00000-0 -18942-3 0  2181
2 44958  52.9992 116.0737 0001381  92.4578  39.0006 15.05586582    15
STARLINK-1076           
1 44959C 20001AX  20218.13936304  .00007661  00000-0  52470-3 0  2181
2 44959  52.9975 115.9952 0001574  88.1547  39.6974 15.05576388    19
STARLINK-1077           
1 44960C 20001AY  20218.15572894  .01276007  00000-0  26075-1 0  2188
2 44960  53.0000 110.5334 0001197  76.3508 148.1080 15.44294267    14
STARLINK-1080           
1 44961C 20001AZ  20218.16339821 -.00013143  00000-0 -89997-3 0  2186
2 44961  53.0011 115.8688 0001570  84.1056 138.1246 15.05604154    17
STARLINK-1081           
1 44962C 20001BA  20218.16350522  .00007619  00000-0  52191-3 0  2183
2 44962  52.9992 115.8752 0001381  87.3319  45.5230 15.05567838    14
STARLINK-1085           
1 44963C 20001BB  20218.03614515 -.00001437  00000-0 -98384-4 0  2184
2 44963  53.0024 116.4687 0001415 100.6888   7.4037 15.05584361    17
STARLINK-1086           
1 44964C 20001BC  20218.11019478  .00005866  00000-0  40183-3 0  2182
2 44964  52.9991 116.1188 0001373 100.6808  31.0098 15.05572276    19
STARLINK-1088           
1 44966C 20001BE  20218.13086282  .00007046  00000-0  48255-3 0  2183
2 44966  52.9998 116.0207 0001370  90.9200  26.8688 15.05579120    15
STARLINK-1089           
1 44967C 20001BF  20218.15342837  .00007972  00000-0  54613-3 0  2180
2 44967  52.9997 115.9188 0001928  76.5232  55.6676 15.05564582    18
STARLINK-1090           
1 44968C 20001BG  20218.14994714 -.00005256  00000-0 -36005-3 0  2187
2 44968  52.9994 115.9380 0001714  76.9881  54.3466 15.05578760    13
STARLINK-1092           
1 44969C 20001BH  20218.14318659  .00007840  00000-0  53701-3 0  2187
2 44969  52.9957 115.9871 0001632  93.1505  37.4843 15.05571664    18
STARLINK-1093           
1 44970C 20001BJ  20218.12340032 -.00008323  00000-0 -56996-3 0  2185
2 44970  53.0007 116.0558 0001614  85.1562  46.2242 15.05593508    18
STARLINK-1095           
1 44971C 20001BK  20218.11350146  .00005799  00000-0  39726-3 0  2186
2 44971  52.9984 116.1036 0001475  83.6701  47.9629 15.05566668    10
STARLINK-1107           
1 44972C 20001BL  20218.15673169  .00007919  00000-0  54219-3 0  2184
2 44972  53.0010 115.9021 0001895  80.3804  51.6898 15.05587919    10
STARLINK-1115           
1 44973C 20001BM  20218.13572627  .00007352  00000-0  50350-3 0  2183
2 44973  52.9996 116.0090 0001323  96.8801  29.2609 15.05577074    17
STARLINK-1132           
1 45044C 20006A   20218.09596440 -.00000001  00000-0 -93830-7 0  2182
2 45044  52.9983  76.1775 0001451  98.8518  31.9742 15.05579322    14
STARLINK-1120           
1 45045C 20006B   20218.16556423  .00007930  00000-0  54304-3 0  2183
2 45045  52.9991  95.8672 0001557  91.7518  54.3482 15.05577612    17
STARLINK-1129           
1 45046C 20006C   20218.15984971  .00007438  00000-0  50948-3 0  2189
2 45046  52.9992  95.8946 0001552  88.7951 332.2985 15.05568579    13
STARLINK-1131           
1 45047C 20006D   20218.11605461 -.00008240  00000-0 -56407-3 0  2180
2 45047  52.9993  96.0887 0001557  84.0974 135.4847 15.05607598    16
STARLINK-1134           
1 45048C 20006E   20218.16315095  .00007347  00000-0  50310-3 0  2189
2 45048  53.0008  95.8742 0001412 100.0253 320.9775 15.05582361    13
STARLINK-1135           
1 45049C 20006F   20218.16662846  .00007136  00000-0  48871-3 0  2184
2 45049  53.0002  95.8627 0001475 102.5949 319.2548 15.05578769    14
STARLINK-1140           
1 45050C 20006G   20218.17337488  .00006585  00000-0  45102-3 0  2189
2 45050  52.9986  95.8327 0001531  95.7045 326.7490 15.05573278    14
STARLINK-1141           
1 45051C 20006H   20218.16992289  .00006658  00000-0  45614-3 0  2184
2 45051  52.9991  95.8479 0001441  90.1781 331.6198 15.05567040    15
STARLINK-1148           
1 45052C 20006J   20218.12738861  .00007174  00000-0  49126-3 0  2181
2 45052  52.9990  96.0382 0001479  93.5298  43.5663 15.05581627    15
STARLINK-1155           
1 45053C 20006K   20218.14753208 -.00015872  00000-0 -10867-2 0  2181
2 45053  52.9993  95.9482 0001401  89.1301  49.1588 15.05611870    11
STARLINK-1156           
1 45054C 20006L   20218.17668884 -.00016578  00000-0 -11352-2 0  2184
2 45054  52.9997  95.8164 0001785  82.1112 340.3474 15.05605733    11
STARLINK-1157           
1 45055C 20006M   20218.05906682  .00050488  00000-0  18854-3 0  2184
2 45055  52.9980  53.1575 0006093 314.8289 266.2083 15.87144129    13
STARLINK-1158           
1 45056C 20006N   20217.92015398  .00000443  00000-0  30334-4 0  2178
2 45056  52.9993  96.9710 0001571  93.4187 341.8636 15.05564312    11
STARLINK-1159           
1 45057C 20006P   20218.14076076  .00007813  00000-0  53501-3 0  2183
2 45057  52.9981  95.9778 0001298 100.4052  37.0879 15.05580608    17
STARLINK-1162           
1 45058C 20006Q   20218.13416333  .00007221  00000-0  49460-3 0  2189
2 45058  52.9986  96.0065 0001349  96.5666  41.2514 15.05570920    16
STARLINK-1165           
1 45059C 20006R   20218.15567873 -.00004707  00000-0 -32234-3 0  2187
2 45059  53.0007  95.9091 0001326  97.2046  49.2723 15.05589220    18
STARLINK-1166           
1 45060C 20006S   20218.15082517  .00008118  00000-0  55586-3 0  2189
2 45060  52.9992  95.9330 0001617  86.9837  51.1714 15.05580835    18
STARLINK-1169           
1 45061C 20006T   20218.15898621  .00008176  00000-0  55981-3 0  2184
2 45061  53.0006  95.8935 0001458  91.6739  54.7200 15.05584662    15
STARLINK-1171           
1 45062C 20006U   20218.14438938  .00007743  00000-0  53012-3 0  2187
2 45062  52.9981  95.9626 0001792  87.7085  51.5717 15.05586519    16
STARLINK-1178           
1 45063C 20006V   20218.16226433  .00008011  00000-0  54857-3 0  2182
2 45063  53.0006  95.8794 0001398  94.9280  51.2650 15.05580728    10
STARLINK-1133           
1 45064C 20006W   20218.16021545 -.00020195  00000-0 -13826-2 0  2189
2 45064  52.9977  75.8919 0001325 101.3371 125.8849 15.05616078    13
STARLINK-1139           
1 45065C 20006X   20218.16637669  .00005027  00000-0  34424-3 0  2183
2 45065  52.9998  75.8637 0001330  98.8300 143.8023 15.05583335    15
STARLINK-1145           
1 45066C 20006Y   20218.12353383  .00006752  00000-0  46247-3 0  2180
2 45066  52.9995  76.0541 0001281  96.3651  39.9644 15.05574114    16
STARLINK-1150           
1 45067C 20006Z   20218.12321905 -.00017668  00000-0 -12098-2 0  2182
2 45067  53.0016  76.0437 0001668 103.2659 319.3462 15.05607107    14
STARLINK-1161           
1 45068C 20006AA  20218.11315125  .00006642  00000-0  45501-3 0  2183
2 45068  52.9998  76.1061 0001620  98.4590 323.5625 15.05565613    16
STARLINK-1163           
1 45069C 20006AB  20218.11396384  .00007311  00000-0  50070-3 0  2181
2 45069  53.0009  76.0972 0001513  94.7958  25.5332 15.05577838    16
STARLINK-1164           
1 45070C 20006AC  20218.11209051  .00007646  00000-0  52350-3 0  2181
2 45070  52.9991  76.1058 0001507 105.9451  40.2834 15.05586951    15
STARLINK-1167           
1 45071C 20006AD  20218.10551747  .00007963  00000-0  54549-3 0  2187
2 45071  52.9995  76.1352 0001588 104.2551  42.2905 15.05568511    12
STARLINK-1168           
1 45072C 20006AE  20218.10879479  .00007865  00000-0  53851-3 0  2189
2 45072  52.9985  76.1208 0001822  96.7860  49.5577 15.05586220    13
STARLINK-1170           
1 45073C 20006AF  20218.11975526  .00006311  00000-0  43222-3 0  2187
2 45073  53.0007  76.0718 0001447 100.3084 321.4866 15.05579841    13
STARLINK-1172           
1 45074C 20006AG  20218.10636413  .00007283  00000-0  49863-3 0  2182
2 45074  52.9994  76.1326 0001623  94.7454 326.4498 15.05588745    15
STARLINK-1174           
1 45075C 20006AH  20218.16747296  .00030020  00000-0  20554-2 0  2181
2 45075  52.9994  75.8568 0001429  97.8628 132.6672 15.05565328    14
STARLINK-1180           
1 45076C 20006AJ  20218.17623946  .00004936  00000-0  33817-3 0  2182
2 45076  52.9982  75.8161 0001307  92.3754 149.7751 15.05566361    11
STARLINK-1182           
1 45077C 20006AK  20218.11051655 -.00016142  00000-0 -11054-2 0  2181
2 45077  53.0006  76.1122 0001393  92.1256  27.6059 15.05602549    16
STARLINK-1177           
1 45078C 20006AL  20218.10221610  .00007987  00000-0  54718-3 0  2181
2 45078  52.9999  76.1514 0001435 106.4402  40.3078 15.05563495    19
STARLINK-1149           
1 45079C 20006AM  20218.08728443 -.00017254  00000-0 -11815-2 0  2185
2 45079  52.9931  76.2394 0001394 111.5643  26.1916 15.05606418    17
STARLINK-1153           
1 45080C 20006AN  20218.09266227  .00007751  00000-0  53093-3 0  2189
2 45080  52.9989  76.1918 0001376  87.7817  43.1192 15.05568330    15
STARLINK-1151           
1 45081C 20006AP  20218.12634660  .00006245  00000-0  42778-3 0  2189
2 45081  53.0008  76.0402 0001447 102.1135 319.4674 15.05569557    17
STARLINK-1160           
1 45082C 20006AQ  20218.11644904  .00006500  00000-0  44515-3 0  2186
2 45082  52.9969  76.0942 0001418  93.4807 328.3309 15.05575897    15
STARLINK-1190           
1 45083C 20006AR  20218.15638580 -.00015602  00000-0 -10684-2 0  2188
2 45083  52.9988  95.9089 0001641  97.4635 322.8748 15.05603877    16
STARLINK-1173           
1 45084C 20006AS  20218.02721935  .00034927  00000-0  23921-2 0  2189
2 45084  53.0015  56.4799 0001443 107.8232  30.2675 15.05548336    16
STARLINK-1179           
1 45085C 20006AT  20218.10879994  .00004746  00000-0  32496-3 0  2182
2 45085  52.9992  56.1168 0001428  94.7798 143.7374 15.05585076    18
STARLINK-1185           
1 45087C 20006AV  20218.09342031  .00006643  00000-0  45493-3 0  2188
2 45087  53.0014  56.1846 0001497  82.8297 144.2460 15.05581786    14
STARLINK-1183           
1 45088C 20006AW  20218.03242050  .00007718  00000-0  52864-3 0  2187
2 45088  52.9995  56.4591 0001518  95.6842  34.6250 15.05571773    17
STARLINK-1136           
1 45089C 20006AX  20217.98604985  .00006256  00000-0  42853-3 0  2172
2 45089  52.9986  56.6684 0001432  76.7794 144.0283 15.05572014    15
STARLINK-1176           
1 45090C 20006AY  20218.09976072  .00030856  00000-0  21126-2 0  2189
2 45090  53.0007  56.1586 0001511 107.1401 118.3079 15.05563480    15
STARLINK-1127           
1 45091C 20006AZ  20218.05201987  .00007821  00000-0  53569-3 0  2185
2 45091  53.0000  56.3744 0001555  91.9734  54.6480 15.05570049    11
STARLINK-1137           
1 45092C 20006BA  20218.05862067  .00007598  00000-0  52043-3 0  2185
2 45092  52.9975  56.3628 0001334  93.0617  53.3454 15.05573354    19
STARLINK-1142           
1 45093C 20006BB  20218.05532344  .00007717  00000-0  52832-3 0  2187
2 45093  52.9946  56.3793 0001365 107.1981  39.3151 15.05589123    15
STARLINK-1146           
1 45094C 20006BC  20218.08385764  .00006128  00000-0  41971-3 0  2180
2 45094  53.0049  56.2073 0001648  96.4718 132.7534 15.05577480    10
STARLINK-1147           
1 45095C 20006BD  20218.02072909  .00007339  00000-0  50256-3 0  2180
2 45095  52.9994  56.5129 0001869  87.9957 140.8427 15.05582201    16
STARLINK-1152           
1 45096C 20006BE  20218.01250438  .00007630  00000-0  52259-3 0  2184
2 45096  52.9933  56.5875 0001363  84.7432 135.5575 15.05571868    12
STARLINK-1175           
1 45097C 20006BF  20217.95421276 -.01256221  00000-0 -68732-2 0  2173
2 45097  52.9980  10.3185 0002385 297.4513 285.3712 15.80403390    19
STARLINK-1184           
1 45098C 20006BG  20218.04874108  .00007966  00000-0  54563-3 0  2187
2 45098  52.9995  56.3875 0001479 100.4299  46.4007 15.05573604    15
STARLINK-1186           
1 45099C 20006BH  20218.09656353  .00005125  00000-0  35094-3 0  2186
2 45099  52.9999  56.1704 0001561  96.3628 129.7346 15.05586428    19
STARLINK-1193           
1 45100C 20006BJ  20218.04526987  .00007939  00000-0  54392-3 0  2180
2 45100  53.0008  56.4018 0001478 108.6015  37.4221 15.05561163    16
STARLINK-1194           
1 45101C 20006BK  20218.03919530  .00007864  00000-0  53850-3 0  2185
2 45101  52.9999  56.4320 0001612  98.0446  33.0223 15.05582973    16
STARLINK-1195           
1 45102C 20006BL  20218.14926708  .00004000  00000-0  27402-3 0  2186
2 45102  52.9968  55.9573 0001408  94.4042 165.6098 15.05571795    14
STARLINK-1196           
1 45103C 20006BM  20218.02044405  .00007090  00000-0  48544-3 0  2181
2 45103  53.0014  56.5135 0001403  93.9438  43.3942 15.05586520    10
STARLINK-1138           
1 45178C 20012A   20218.12773589 -.00004530  00000-0 -31009-3 0  2189
2 45178  52.9989 216.0350 0001032  73.7463 358.3347 15.05605898    13
STARLINK-1143           
1 45179C 20012B   20218.13120938 -.00031064  00000-0 -21273-2 0  2188
2 45179  52.9980 216.0250 0001356  95.2759 337.7183 15.05617616    10
STARLINK-1192           
1 45180C 20012C   20218.16518037  .00009357  00000-0  64117-3 0  2187
2 45180  52.9981 215.8680 0000808  93.7266 217.5063 15.05554357    18
STARLINK-1200           
1 45181C 20012D   20218.11767020 -.00005452  00000-0 -37350-3 0  2184
2 45181  52.9989 216.0771 0001457  90.5215 341.0316 15.05578051    12
STARLINK-1201           
1 45182C 20012E   20218.13953644 -.00002442  00000-0 -16723-3 0  2183
2 45182  52.9999 195.9709 0001239  93.6096 350.5947 15.05588523    19
STARLINK-1202           
1 45183C 20012F   20218.12606105 -.00003922  00000-0 -26850-3 0  2186
2 45183  53.0004 216.0415 0001439  84.5317 212.4520 15.05606627    14
STARLINK-1205           
1 45184C 20012G   20218.14648577 -.00001708  00000-0 -11703-3 0  2189
2 45184  53.0006 195.9477 0001306  97.6089 348.3219 15.05577663    15
STARLINK-1216           
1 45185C 20012H   20218.14491940 -.00003490  00000-0 -23907-3 0  2189
2 45185  52.9985 215.9589 0001038  93.5685 341.6824 15.05583868    18
STARLINK-1224           
1 45186C 20012J   20218.16210975 -.00004228  00000-0 -28943-3 0  2184
2 45186  52.9997 215.8796 0001284  81.8279 356.7083 15.05605068    14
STARLINK-1225           
1 45187C 20012K   20218.16541282 -.00032737  00000-0 -22419-2 0  2180
2 45187  53.0001 215.8635 0001389  94.9960 343.4692 15.05618970    18
STARLINK-1228           
1 45188C 20012L   20218.14145389  .00000057  00000-0  38765-5 0  2189
2 45188  52.9963 175.9911 0001515  76.0529  20.7962 15.05590674    15
STARLINK-1230           
1 45189C 20012M   20218.16888315 -.00004324  00000-0 -29607-3 0  2181
2 45189  52.9996 215.8492 0001201  91.4716 347.7989 15.05593471    10
STARLINK-1234           
1 45190C 20012N   20218.13450233  .00016685  00000-0  11430-2 0  2189
2 45190  53.0009 176.0023 0001426  79.7258  15.3406 15.05558975    18
STARLINK-1236           
1 45191C 20012P   20218.17564929 -.00004321  00000-0 -29589-3 0  2183
2 45191  53.0001 215.8165 0000809  88.4146 351.5686 15.05594577    10
STARLINK-1237           
1 45192C 20012Q   20218.14839193 -.00003486  00000-0 -23876-3 0  2183
2 45192  52.9995 215.9399 0001367  98.4422 337.7114 15.05585120    15
STARLINK-1239           
1 45193C 20012R   20218.13797420 -.00005669  00000-0 -38844-3 0  2185
2 45193  52.9982 215.9888 0001182  87.9821 345.7823 15.05569423    10
STARLINK-1240           
1 45194C 20012S   20218.14145397 -.00003665  00000-0 -25093-3 0  2183
2 45194  52.9996 215.9711 0000753  80.8475 353.6577 15.05598624    10
STARLINK-1241           
1 45195C 20012T   20218.17890196 -.00002520  00000-0 -17260-3 0  2187
2 45195  53.0007 215.7995 0001122  96.8431 216.7858 15.05589147    19
STARLINK-1244           
1 45196C 20012U   20218.12425977 -.00004895  00000-0 -33530-3 0  2189
2 45196  52.9973 216.0517 0001357 100.1083 331.1594 15.05581192    17
STARLINK-1269           
1 45197C 20012V   20218.18259220  .00010000  00000-0  68504-3 0  2184
2 45197  52.9994 215.7863 0001341 100.8058 340.7953 15.05565263    19
STARLINK-1154           
1 45198C 20012W   20218.17061655 -.00000709  00000-0 -48551-4 0  2185
2 45198  52.9995 195.8419 0001577  88.9700   1.8807 15.05577965    12
STARLINK-1197           
1 45199C 20012X   20218.17409514  .00010575  00000-0  72445-3 0  2184
2 45199  53.0003 195.8238 0001405  85.1529   6.5078 15.05564601    17
STARLINK-1198           
1 45200C 20012Y   20218.17755924 -.00000873  00000-0 -59818-4 0  2188
2 45200  53.0010 195.8122 0001417  85.2801   7.2026 15.05576607    17
STARLINK-1199           
1 45201C 20012Z   20218.17856889 -.00001078  00000-0 -73842-4 0  2182
2 45201  53.0007 195.8077 0001585  81.9945 357.9443 15.05591848    13
STARLINK-1204           
1 45203C 20012AB  20218.13241980 -.00030441  00000-0 -20849-2 0  2183
2 45203  52.9981 196.0157 0001110  97.8548 343.9381 15.05612827    12
STARLINK-1206           
1 45204C 20012AC  20218.14300788 -.00002191  00000-0 -15003-3 0  2185
2 45204  53.0000 195.9618 0001306  89.8161 355.2441 15.05583965    19
STARLINK-1208           
1 45205C 20012AD  20218.16367932 -.00000714  00000-0 -48862-4 0  2181
2 45205  53.0007 195.8703 0001398  84.3978   4.8107 15.05589146    11
STARLINK-1209           
1 45206C 20012AE  20218.13797433 -.00000187  00000-0 -12829-4 0  2180
2 45206  53.0015 175.9889 0001574  83.8976  12.0349 15.05595950    12
STARLINK-1210           
1 45207C 20012AF  20218.11541248 -.00004133  00000-0 -28300-3 0  2185
2 45207  53.0004 196.0904 0001297  76.1945   3.2632 15.05598006    18
STARLINK-1211           
1 45208C 20012AG  20218.12217716  .00007182  00000-0  49204-3 0  2188
2 45208  52.9987 196.0603 0001359  91.1379 348.9810 15.05564569    14
STARLINK-1218           
1 45209C 20012AH  20218.14977968 -.00001424  00000-0 -97537-4 0  2181
2 45209  53.0006 195.9323 0001288  82.5790   3.3120 15.05571479    12
STARLINK-1219           
1 45210C 20012AJ  20218.11887934 -.00004121  00000-0 -28220-3 0  2182
2 45210  52.9997 196.0720 0001320  88.0217 352.2031 15.05595970    15
STARLINK-1231           
1 45212C 20012AL  20218.15672420 -.00001025  00000-0 -70209-4 0  2185
2 45212  52.9987 195.9008 0001351  91.9115 355.6234 15.05573690    14
STARLINK-1232           
1 45213C 20012AM  20218.16019879 -.00000937  00000-0 -64234-4 0  2182
2 45213  52.9995 195.8894 0001249  78.2236  10.1699 15.05566709    15
STARLINK-1233           
1 45214C 20012AN  20218.12912029 -.00003687  00000-0 -25254-3 0  2181
2 45214  52.9994 196.0308 0001446  85.8564 355.9319 15.05578799    16
STARLINK-1245           
1 45215C 20012AP  20218.12564998 -.00003955  00000-0 -27079-3 0  2185
2 45215  52.9985 196.0437 0001244  83.2870 357.7061 15.05600618    18
STARLINK-1254           
1 45216C 20012AQ  20218.15325156 -.00001114  00000-0 -76278-4 0  2181
2 45216  53.0000 195.9142 0001473  86.6339 359.9621 15.05576361    14
STARLINK-1271           
1 45217C 20012AR  20218.16714227 -.00026338  00000-0 -18043-2 0  2183
2 45217  53.0015 195.8539 0001044  80.1896   9.8737 15.05599812    16
STARLINK-1105           
1 45218C 20012AS  20218.14822000  .00020467  00000-0  14019-2 0  2185
2 45218  53.0023 175.9365 0001294  93.0734   4.3776 15.05559802    11
STARLINK-1187           
1 45219C 20012AT  20218.17844755  .00002716  00000-0  18608-3 0  2186
2 45219  53.0008 175.8057 0001270  95.2091   4.2368 15.05564412    15
STARLINK-1188           
1 45220C 20012AU  20218.11714436 -.00000378  00000-0 -25857-4 0  2183
2 45220  53.0020 176.0756 0001407  85.4192   5.4999 15.05593482    17
STARLINK-1189           
1 45221C 20012AV  20218.17849674  .00002589  00000-0  17733-3 0  2180
2 45221  53.0017 175.8007 0001566  63.4092  18.3025 15.05581414    16
STARLINK-1191           
1 45222C 20012AW  20218.12061635 -.00000522  00000-0 -35774-4 0  2182
2 45222  53.0020 176.0639 0001460  70.0293  21.8040 15.05578008    16
STARLINK-1212           
1 45223C 20012AX  20218.14491866 -.00001594  00000-0 -10914-3 0  2186
2 45223  53.0020 175.9517 0001402  79.1297  18.4152 15.05606004    14
STARLINK-1214           
1 45224C 20012AY  20218.13103406 -.00000513  00000-0 -35129-4 0  2182
2 45224  52.9963 176.0432 0001622  73.5160  20.7441 15.05579395    17
STARLINK-1215           
1 45225C 20012AZ  20218.16418869  .00002126  00000-0  14564-3 0  2187
2 45225  53.0006 175.8628 0001269  81.1748  30.9448 15.05568454    10
STARLINK-1217           
1 45226C 20012BA  20218.17147910  .00002525  00000-0  17301-3 0  2180
2 45226  53.0003 175.8310 0001455  87.5507  28.1654 15.05559328    14
STARLINK-1221           
1 45227C 20012BB  20218.12408846 -.00000576  00000-0 -39448-4 0  2187
2 45227  53.0018 176.0497 0001693  68.7727  23.8891 15.05575422    17
STARLINK-1222           
1 45228C 20012BC  20218.12755810 -.00004369  00000-0 -29913-3 0  2183
2 45228  53.0014 176.0372 0001572  81.3515  12.1196 15.05599867    16
STARLINK-1226           
1 45229C 20012BD  20218.15916019  .00001880  00000-0  12877-3 0  2181
2 45229  53.0026 175.8872 0001547  82.1876  20.6010 15.05579015    15
STARLINK-1227           
1 45230C 20012BE  20218.15568916 -.00002599  00000-0 -17798-3 0  2189
2 45230  53.0013 175.9021 0001468  70.1645  31.8653 15.05595008    10
STARLINK-1229           
1 45231C 20012BF  20218.17513748 -.00020041  00000-0 -13730-2 0  2188
2 45231  53.0026 175.8149 0001331  77.1218  40.4269 15.05592297    13
STARLINK-1235           
1 45232C 20012BG  20218.16783499 -.00006286  00000-0 -43027-3 0  2188
2 45232  53.0025 175.8501 0001414  79.4073  34.4174 15.05611402    19
STARLINK-1238           
1 45233C 20012BH  20218.13589438 -.00002956  00000-0 -20240-3 0  2185
2 45233  52.9973 196.0126 0001082  90.7491 351.7746 15.05589850    10
STARLINK-1243           
1 45234C 20012BJ  20218.17235368 -.00004352  00000-0 -29813-3 0  2187
2 45234  52.9994 215.8326 0001252  87.3637 352.7548 15.05579886    18
STARLINK-1246           
1 45235C 20012BK  20218.15863506 -.00003979  00000-0 -27250-3 0  2184
2 45235  52.9993 215.8935 0001204  84.1083 353.5448 15.05591866    11
STARLINK-1247           
1 45236C 20012BL  20218.15204385 -.00002676  00000-0 -18320-3 0  2180
2 45236  53.0022 175.9195 0001472  85.4275  14.7540 15.05606973    10
STARLINK-1270           
1 45237C 20012BM  20218.17859840  .00002842  00000-0  19470-3 0  2185
2 45237  53.0023 175.7989 0001459  81.7525  36.5239 15.05571278    19
STARLINK-1279           
1 45360C 20019A   20218.17286888  .00002032  00000-0  13920-3 0  2180
2 45360  52.9799 305.9292 0001225  89.7515 352.5699 15.05565085    16
STARLINK-1301           
1 45361C 20019B   20218.18398897  .00002241  00000-0  15356-3 0  2183
2 45361  53.0047 315.7647 0000864 103.2470 335.2498 15.05569745    10
STARLINK-1306           
1 45362C 20019C   20218.18399395  .00003570  00000-0  24448-3 0  2186
2 45362  52.9924 335.8201 0001339 111.8751 198.5605 15.05580122    19
STARLINK-1313           
1 45364C 20019E   20218.16939486  .00002021  00000-0  13844-3 0  2185
2 45364  52.9860 305.9123 0001277  88.6096 352.8183 15.05581719    14
STARLINK-1317           
1 45365C 20019F   20218.16662677  .00003379  00000-0  23138-3 0  2185
2 45365  52.9989 315.8651 0001407 104.9177 329.4713 15.05584848    15
STARLINK-1262           
1 45366C 20019G   20218.17266257  .00002556  00000-0  17515-3 0  2189
2 45366  53.0004 335.8330 0001051 124.8670 196.1759 15.05562815    15
STARLINK-1273           
1 45367C 20019H   20218.17771819  .00003420  00000-0  23419-3 0  2186
2 45367  53.0007 335.8112 0001301 119.9443 120.3909 15.05587407    18
STARLINK-1276           
1 45368C 20019J   20218.18356423  .00002442  00000-0  16722-3 0  2180
2 45368  52.9994 335.7806 0001229 114.1483 301.9651 15.05586981    18
STARLINK-1277           
1 45369C 20019K   20218.16208791 -.00007852  00000-0 -53756-3 0  2183
2 45369  52.9991 335.8794 0001306 114.5147 203.0928 15.05607148    18
STARLINK-1281           
1 45370C 20019L   20218.16802414 -.00019646  00000-0 -13458-2 0  2185
2 45370  52.9991 335.8668 0001174 103.2072 300.6580 15.05594000    15
STARLINK-1287           
1 45371C 20019M   20218.16722252  .00003041  00000-0  20838-3 0  2188
2 45371  53.0006 335.8607 0001131 117.6764 119.8300 15.05566954    15
STARLINK-1288           
1 45372C 20019N   20218.17858486 -.00020130  00000-0 -13786-2 0  2182
2 45372  52.9997 335.8049 0001222 113.1078 113.9851 15.05605702    14
STARLINK-1295           
1 45373C 20019P   20218.16114254  .00002809  00000-0  19232-3 0  2184
2 45373  53.0008 335.8852 0001036 119.5119 102.9706 15.05588129    11
STARLINK-1300           
1 45374C 20019Q   20218.17349054  .00002737  00000-0  18750-3 0  2188
2 45374  53.0011 335.8318 0001389 110.0777 197.4129 15.05570330    13
STARLINK-1302           
1 45375C 20019R   20218.13989810 -.00023126  00000-0 -15839-2 0  2186
2 45375  53.0009 335.9806 0001198 112.3869 300.9010 15.05605624    14
STARLINK-1304           
1 45376C 20019S   20218.15486811  .00002560  00000-0  17537-3 0  2187
2 45376  53.0003 335.9137 0001271 112.2249 292.2823 15.05571467    11
STARLINK-1305           
1 45377C 20019T   20218.18668328  .00002690  00000-0  18432-3 0  2185
2 45377  52.9999 335.7705 0001306 119.2928 295.7702 15.05566898    19
STARLINK-1310           
1 45378C 20019U   20218.15760689  .00003028  00000-0  20742-3 0  2189
2 45378  53.0022 335.8998 0001198 116.7207 212.6693 15.05566957    18
STARLINK-1319           
1 45379C 20019V   20218.15885569  .00002391  00000-0  16370-3 0  2189
2 45379  53.0019 335.8947 0001113 125.5121 192.5777 15.05590243    13
STARLINK-1207           
1 45380C 20019W   20218.13210734  .00002552  00000-0  17485-3 0  2182
2 45380  53.0010 316.0134 0001433 139.0426 288.1640 15.05568572    19
STARLINK-1258           
1 45381C 20019X   20218.14200017  .00003271  00000-0  22410-3 0  2180
2 45381  53.0007 315.9684 0001144 116.0888 310.7707 15.05570035    13
STARLINK-1264           
1 45382C 20019Y   20218.10186800  .00001731  00000-0  11851-3 0  2186
2 45382  53.0001 316.1465 0001227 125.1114 192.0906 15.05591857    10
STARLINK-1266           
1 45383C 20019Z   20218.11811594  .00002271  00000-0  15562-3 0  2186
2 45383  52.9986 316.0771 0001041 115.3031 218.0439 15.05564226    13
STARLINK-1267           
1 45384C 20019AA  20218.10512692  .00001778  00000-0  12176-3 0  2182
2 45384  53.0005 316.1317 0001287 126.3840 190.4637 15.05581024    15
STARLINK-1268           
1 45385C 20019AB  20218.03618295  .00050104  00000-0  45541-3 0  2180
2 45385  52.9986 289.8399 0002379  84.8514 236.4961 15.67254793    16
STARLINK-1272           
1 45386C 20019AC  20218.10852159  .00001819  00000-0  12462-3 0  2183
2 45386  53.0103 316.0641 0001117 117.6772 199.5540 15.05579090    17
STARLINK-1274           
1 45387C 20019AD  20218.17496139  .00001866  00000-0  15181-3 0  2186
2 45387  53.0003 313.2844 0001355 105.3481 333.2541 14.99079640    12
STARLINK-1280           
1 45388C 20019AE  20218.16175110  .00002425  00000-0  16604-3 0  2182
2 45388  52.9992 335.8859 0001325 113.1856 310.6178 15.05586717    15
STARLINK-1283           
1 45389C 20019AF  20218.16313021 -.00002198  00000-0 -15049-3 0  2189
2 45389  52.9984 315.8786 0000957 119.1887 314.2129 15.05597929    17
STARLINK-1284           
1 45390C 20019AG  20218.13931405  .00003007  00000-0  20598-3 0  2183
2 45390  53.0008 315.9812 0001311 108.1467 322.0737 15.05572546    16
STARLINK-1289           
1 45391C 20019AH  20218.15273448 -.00011025  00000-0 -75503-3 0  2189
2 45391  53.0009 315.9202 0001328  94.6240 336.3938 15.05597153    19
STARLINK-1290           
1 45392C 20019AJ  20218.17341951  .00002873  00000-0  19686-3 0  2186
2 45392  52.9840 315.9056 0001604 117.8226 317.4501 15.05567110    13
STARLINK-1291           
1 45393C 20019AK  20218.18682580  .00002181  00000-0  14931-3 0  2184
2 45393  53.0019 315.7673 0001089 115.9119 320.0282 15.05590373    17
STARLINK-1292           
1 45394C 20019AL  20218.17700398  .00003347  00000-0  22922-3 0  2186
2 45394  52.9998 315.8134 0000960 103.6585 134.9763 15.05583441    17
STARLINK-1297           
1 45395C 20019AM  20218.17704611  .00008065  00000-0  55183-3 0  2186
2 45395  53.0078 315.7708 0001324 102.1575 334.4921 15.05609052    13
STARLINK-1303           
1 45396C 20019AN  20218.15620699  .00007311  00000-0  50052-3 0  2181
2 45396  53.0010 315.9085 0001058  92.9508 338.8796 15.05590764    13
STARLINK-1307           
1 45397C 20019AP  20218.17009486  .00003190  00000-0  21843-3 0  2186
2 45397  52.9883 315.8989 0001060 128.6757 306.4962 15.05589142    12
STARLINK-1312           
1 45398C 20019AQ  20218.13811032  .00003713  00000-0  25443-3 0  2182
2 45398  52.9992 315.9865 0001053 126.2230 189.5831 15.05565227    13
STARLINK-1255           
1 45399C 20019AR  20218.14883451  .00003231  00000-0  22125-3 0  2187
2 45399  53.0011 305.9334 0001142  92.5003 147.3970 15.05583121    19
STARLINK-1213           
1 45400C 20019AS  20218.13118223  .00003749  00000-0  25673-3 0  2182
2 45400  53.0002 306.0109 0001447  84.3920 347.8296 15.05579485    15
STARLINK-1256           
1 45401C 20019AT  20218.12771626  .00004004  00000-0  27428-3 0  2189
2 45401  53.0008 306.0272 0001278 100.2953 331.1585 15.05574602    12
STARLINK-1257           
1 45402C 20019AU  20218.12425454  .00003702  00000-0  25349-3 0  2189
2 45402  53.0013 306.0434 0000922 106.2569 324.4080 15.05587023    19
STARLINK-1259           
1 45403C 20019AV  20218.17134493  .00002873  00000-0  19679-3 0  2182
2 45403  53.0018 305.8339 0001157 114.1984 139.8378 15.05580139    15
STARLINK-1260           
1 45404C 20019AW  20218.15204059  .00002256  00000-0  15447-3 0  2181
2 45404  53.0005 305.9193 0001186  85.9769 351.3384 15.05594646    15
STARLINK-1263           
1 45405C 20019AX  20218.13465969 -.00017916  00000-0 -12273-2 0  2183
2 45405  52.9995 305.9927 0001203 102.1347 330.9975 15.05591588    12
STARLINK-1265           
1 45406C 20019AY  20218.14506939  .00002897  00000-0  19844-3 0  2180
2 45406  53.0004 305.9469 0001389 101.7800 333.7577 15.05579599    18
STARLINK-1275           
1 45407C 20019AZ  20218.12243906  .00002204  00000-0  15094-3 0  2186
2 45407  52.9999 306.0566 0001222  90.7717 150.0530 15.05577219    16
STARLINK-1278           
1 45408C 20019BA  20218.16243002  .00002302  00000-0  15768-3 0  2185
2 45408  52.9985 335.8935 0001317 111.1749 298.3366 15.05584119    10
STARLINK-1282           
1 45409C 20019BB  20218.16593072  .00001925  00000-0  13185-3 0  2182
2 45409  52.9976 305.8604 0001120  84.0760 356.6359 15.05569847    15
STARLINK-1285           
1 45410C 20019BC  20218.13971822  .00003348  00000-0  22923-3 0  2185
2 45410  52.9997 305.9695 0000954 103.7827 320.6694 15.05586731    12
STARLINK-1293           
1 45411C 20019BD  20218.17982043  .00002454  00000-0  16808-3 0  2189
2 45411  53.0106 305.7434 0001148  90.7738 353.1586 15.05580807    17
STARLINK-1296           
1 45412C 20019BE  20218.14854586  .00002653  00000-0  18170-3 0  2182
2 45412  53.0016 305.9333 0001305  84.3340 351.9812 15.05581255    17
STARLINK-1298           
1 45413C 20019BF  20218.14005252 -.00011265  00000-0 -77174-3 0  2181
2 45413  53.0058 305.9457 0001127  93.3015 153.0941 15.05584158    11
STARLINK-1309           
1 45414C 20019BG  20218.16246066  .00002218  00000-0  15180-3 0  2189
2 45414  52.9987 305.8783 0001220  93.9341 345.8552 15.05600270    17
STARLINK-1316           
1 45415C 20019BH  20218.12076729 -.00007437  00000-0 -50922-3 0  2186
2 45415  52.9992 306.0556 0001075  92.7357 337.0254 15.05600164    11
STARLINK-1318           
1 45416C 20019BJ  20218.15551483  .00002189  00000-0  14988-3 0  2184
2 45416  52.9999 305.9057 0000971 102.6959 335.4749 15.05586417    11
STARLINK-1286           
1 45417C 20019BK  20218.13509282  .00002068  00000-0  14162-3 0  2183
2 45417  52.9987 336.0056 0001434 105.7182 209.5362 15.05581231    11
STARLINK-1308           
1 45419C 20019BM  20218.18405554  .00003242  00000-0  22212-3 0  2187
2 45419  53.0087 335.7391 0000948 104.3302 134.4604 15.05570927    17
STARLINK-1329           
1 45531C 20025A   20218.12894711  .00000921  00000-0  63086-4 0  2186
2 45531  52.9991 276.0303 0001291  98.6863 351.6365 15.05582010    16
STARLINK-1338           
1 45532C 20025B   20218.14281461 -.00000683  00000-0 -46797-4 0  2188
2 45532  53.0067 275.9273 0000664 144.9960 308.4919 15.05588234    12
STARLINK-1339           
1 45533C 20025C   20218.00375352  .00001840  00000-0  12607-3 0  2183
2 45533  52.9970 276.5904 0001205 100.0639 229.2970 15.05568787    18
STARLINK-1341           
1 45534C 20025D   20218.08398798 -.00015544  00000-0 -10650-2 0  2184
2 45534  52.9992 276.2231 0001103  94.5941 345.9629 15.05586302    13
STARLINK-1350           
1 45535C 20025E   20218.10482051  .00002390  00000-0  16365-3 0  2187
2 45535  52.9990 276.1403 0001064  99.5768 345.8573 15.05584429    15
STARLINK-1352           
1 45536C 20025F   20218.10829074  .00002370  00000-0  16230-3 0  2187
2 45536  52.9979 276.1255 0001024 102.0283 344.2399 15.05583291    11
STARLINK-1362           
1 45538C 20025H   20218.09575213  .00001900  00000-0  13007-3 0  2187
2 45538  52.9981 276.1825 0001103 110.4181 141.8362 15.05589216    11
STARLINK-1367           
1 45539C 20025J   20218.10441443 -.01149772  00000-0 -29436-1 0  2181
2 45539  52.9852 248.0230 0001241 100.7713   1.4203 15.39982789    17
STARLINK-1368           
1 45540C 20025K   20218.11174443  .00002404  00000-0  16468-3 0  2187
2 45540  52.9976 276.1096 0001052  92.5205 354.5131 15.05576919    11
STARLINK-1369           
1 45541C 20025L   20218.11523741  .00002309  00000-0  15810-3 0  2181
2 45541  52.9988 276.0962 0000837 117.6312 330.2692 15.05582315    14
STARLINK-1371           
1 45542C 20025M   20218.14978605 -.00000559  00000-0 -38328-4 0  2185
2 45542  53.0034 275.9149 0001147 100.3146 354.9483 15.05573606    17
STARLINK-1372           
1 45543C 20025N   20218.11870516  .00002299  00000-0  15735-3 0  2182
2 45543  52.9996 276.0754 0001310 106.8148 341.8494 15.05605997    18
STARLINK-1373           
1 45544C 20025P   20218.13578152  .00000147  00000-0  10080-4 0  2185
2 45544  52.9960 276.0159 0000852 105.9851 345.3768 15.05595698    19
STARLINK-1374           
1 45545C 20025Q   20218.08746257  .00001704  00000-0  11678-3 0  2186
2 45545  52.9974 276.2125 0000637 115.7092 325.6729 15.05565864    17
STARLINK-1375           
1 45546C 20025R   20218.13067642  .00001128  00000-0  77244-4 0  2189
2 45546  52.9980 276.0209 0001082 101.1503 142.5118 15.05581349    11
STARLINK-1377           
1 45547C 20025S   20218.09439661  .00002031  00000-0  13910-3 0  2182
2 45547  52.9978 276.1799 0001295 101.0030 341.9194 15.05577144    11
STARLINK-1378           
1 45548C 20025T   20218.12200749  .00001813  00000-0  12420-3 0  2182
2 45548  52.9990 276.0639 0001239 102.9836 345.6618 15.05575468    19
STARLINK-1379           
1 45549C 20025U   20218.12548237  .00001819  00000-0  12448-3 0  2186
2 45549  52.9985 276.0461 0000943  93.1379 356.2669 15.05603600    15
STARLINK-1390           
1 45550C 20025V   20218.13937093 -.00000263  00000-0 -18020-4 0  2188
2 45550  52.9943 276.0056 0001354 105.1647 347.6536 15.05587310    16
STARLINK-1294           
1 45551C 20025W   20218.16839716 -.00003012  00000-0 -20623-3 0  2181
2 45551  52.9835 255.9323 0001438  69.4146 200.9848 15.05589997    19
STARLINK-1322           
1 45552C 20025X   20218.13449538 -.00001688  00000-0 -11559-3 0  2183
2 45552  52.9923 256.0354 0001460  67.8473  36.6155 15.05586713    12
STARLINK-1323           
1 45553C 20025Y   20218.14838986 -.00003443  00000-0 -23584-3 0  2186
2 45553  53.0014 255.9310 0001465  70.4823  37.3367 15.05582912    10
STARLINK-1325           
1 45554C 20025Z   20218.14145370 -.00005780  00000-0 -39594-3 0  2189
2 45554  52.9828 256.0612 0001325  70.0754  36.2384 15.05581919    16
STARLINK-1327           
1 45555C 20025AA  20218.15932782 -.00004186  00000-0 -28661-3 0  2184
2 45555  53.0003 255.8828 0001489  79.8855 339.3512 15.05593626    18
STARLINK-1334           
1 45556C 20025AB  20218.14491831 -.00003015  00000-0 -20648-3 0  2186
2 45556  53.0072 255.9110 0001019  73.7671  33.1995 15.05591013    10
STARLINK-1336           
1 45557C 20025AC  20218.18251843 -.00004620  00000-0 -31637-3 0  2181
2 45557  52.9992 255.7780 0001209  70.2605 204.6476 15.05594643    12
STARLINK-1342           
1 45558C 20025AD  20218.12062015 -.00000991  00000-0 -67851-4 0  2182
2 45558  52.9988 256.0568 0001470  65.7201  35.5557 15.05591247    15
STARLINK-1344           
1 45559C 20025AE  20218.14527044 -.00000553  00000-0 -37874-4 0  2189
2 45559  53.0001 255.9462 0001405  65.4157 349.5669 15.05569126    13
STARLINK-1346           
1 45560C 20025AF  20218.09719942 -.00014185  00000-0 -32499-3 0  2188
2 45560  52.9998 248.9643 0005387 299.7675 161.4879 15.42184910    10
STARLINK-1348           
1 45561C 20025AG  20207.53917505 -.01218964  00000-0 -13825-1 0  2071
2 45561  52.9995 299.2006 0001543  24.7541  55.1207 15.62953994    10
STARLINK-1354           
1 45562C 20025AH  20218.15212523 -.00000763  00000-0 -52266-4 0  2182
2 45562  53.0000 255.9149 0001323  96.5717 319.5214 15.05575681    10
STARLINK-1355           
1 45563C 20025AJ  20218.13659361 -.00002531  00000-0 -18903-3 0  2180
2 45563  53.0014 254.8932 0001363  93.3713  12.9095 15.02337509    12
STARLINK-1356           
1 45564C 20025AK  20218.10322419 -.00001471  00000-0 -10073-3 0  2181
2 45564  52.9990 256.1341 0001311  85.2794  11.5896 15.05588794    16
STARLINK-1357           
1 45565C 20025AL  20218.09628620 -.00012468  00000-0 -85415-3 0  2183
2 45565  52.9995 256.1643 0001423  80.0305  15.3416 15.05585962    16
STARLINK-1358           
1 45566C 20025AM  20218.11049103 -.00026568  00000-0 -18190-2 0  2181
2 45566  53.0009 256.1003 0001495  76.7541  23.5896 15.05620919    13
STARLINK-1361           
1 45567C 20025AN  20218.12755883 -.00001129  00000-0 -77295-4 0  2181
2 45567  52.9989 256.0339 0001345  68.0077  34.9242 15.05583083    13
STARLINK-1363           
1 45568C 20025AP  20218.11715076 -.00000921  00000-0 -63097-4 0  2185
2 45568  52.9999 256.0717 0001422  69.5737  30.8987 15.05577305    11
STARLINK-1366           
1 45569C 20025AQ  20218.13103375  .00000706  00000-0  48338-4 0  2181
2 45569  52.9995 256.0202 0001613  71.1784  32.5011 15.05572014    19
STARLINK-1376           
1 45570C 20025AR  20218.12408732 -.00001071  00000-0 -73331-4 0  2186
2 45570  52.9993 256.0453 0001535  69.6195  32.4541 15.05590125    18
STARLINK-1261           
1 45571C 20025AS  20218.16071889 -.00000436  00000-0 -99954-5 0  2184
2 45571  53.0006 248.6115 0001230  63.4651  48.6915 15.42169004    12
STARLINK-1320           
1 45572C 20025AT  20218.17738344 -.01142954  00000-0 -28226-1 0  2185
2 45572  52.9999 248.1044 0001239  83.7072 335.9023 15.41073806    14
STARLINK-1321           
1 45573C 20025AU  20218.18087829 -.01023004  00000-0 -24078-1 0  2187
2 45573  53.0008 248.0412 0001255  77.3378  36.6639 15.42404553    18
STARLINK-1324           
1 45574C 20025AV  20218.14957953 -.00001018  00000-0 -23336-4 0  2187
2 45574  53.0009 248.6244 0001164  61.4036 358.8926 15.42161473    12
STARLINK-1326           
1 45575C 20025AW  20218.16437252 -.00028980  00000-0 -66438-3 0  2181
2 45575  53.0002 248.6241 0001382  55.4564  57.0279 15.42194305    13
STARLINK-1328           
1 45576C 20025AX  20218.16280207 -.00564539  00000-0 -13048-1 0  2180
2 45576  53.0013 248.0181 0001240  72.5558 351.1178 15.42486733    14
STARLINK-1330           
1 45577C 20025AY  20218.17583215 -.01056553  00000-0 -25034-1 0  2188
2 45577  53.0008 248.1044 0001147  72.6877 353.4168 15.42237098    11
STARLINK-1331           
1 45578C 20025AZ  20218.15898425 -.00026342  00000-0 -60394-3 0  2181
2 45578  53.0000 248.6936 0001379  57.8403   4.7021 15.42189392    13
STARLINK-1332           
1 45579C 20025BA  20218.18293384 -.00040613  00000-0 -53935-3 0  2188
2 45579  53.0010 248.1092 0003174 325.7915  98.5958 15.57625090    19
STARLINK-1333           
1 45580C 20025BB  20218.15880966 -.00004403  00000-0 -30153-3 0  2189
2 45580  53.0005 255.8855 0001588  72.9642  37.3644 15.05588201    10
STARLINK-1335           
1 45581C 20025BC  20218.16627723 -.00823156  00000-0 -19146-1 0  2182
2 45581  53.0000 248.0397 0001352  82.0689 340.8106 15.42557792    10
STARLINK-1337           
1 45582C 20025BD  20218.17704159 -.01091252  00000-0 -25962-1 0  2181
2 45582  53.0009 248.1149 0001238  71.5187 351.2360 15.42149333    11
STARLINK-1340           
1 45583C 20025BE  20218.16816146 -.00887775  00000-0 -20712-1 0  2181
2 45583  53.0015 248.0607 0001277  73.0100 350.4029 15.42531284    15
STARLINK-1343           
1 45584C 20025BF  20218.16020229 -.00484405  00000-0 -11173-1 0  2185
2 45584  52.9990 248.0035 0001362  71.7372 347.4116 15.42469004    15
STARLINK-1345           
1 45585C 20025BG  20218.11104219 -.00895795  00000-0 -20888-1 0  2184
2 45585  52.9984 248.3321 0001272  70.7744  25.2688 15.42556308    11
STARLINK-1347           
1 45586C 20025BH  20218.10651142 -.00000822  00000-0 -18804-4 0  2183
2 45586  52.9994 248.2934 0001018  64.4017  36.7226 15.42215167    13
STARLINK-1349           
1 45587C 20025BJ  20218.09794818  .00002534  00000-0  58089-4 0  2189
2 45587  52.9998 248.9706 0001268  65.3674  28.0932 15.42166364    10
STARLINK-1360           
1 45588C 20025BK  20218.13205336 -.01133223  00000-0 -28924-1 0  2182
2 45588  52.9930 248.0506 0001172  74.0233 190.3111 15.40060419    12
STARLINK-1364           
1 45589C 20025BL  20218.12172229 -.01078089  00000-0 -25689-1 0  2189
2 45589  52.9985 248.4009 0001325  68.2487  37.2553 15.42088460    18
STARLINK-1365           
1 45590C 20025BM  20218.14630017 -.00000829  00000-0 -56757-4 0  2186
2 45590  53.0043 275.9180 0000995 109.6917 344.7223 15.05589301    11
STARLINK-1441           
1 45658C 20035B   20218.10933802 -.00004343  00000-0 -29732-3 0  2183
2 45658  53.0008 236.1105 0001335  72.0701 348.1755 15.05600276    19
STARLINK-1442           
1 45659C 20035C   20218.11627823 -.00003959  00000-0 -27105-3 0  2182
2 45659  52.9988 236.0785 0001482  64.2377 357.6394 15.05599993    10
STARLINK-1443           
1 45660C 20035D   20218.11991901 -.00003751  00000-0 -25673-3 0  2183
2 45660  52.9995 236.0627 0001550  67.1805 356.3445 15.05611085    19
STARLINK-1444           
1 45661C 20035E   20218.14058284 -.00003996  00000-0 -27371-3 0  2183
2 45661  53.0007 235.9666 0001571  69.2104 358.4698 15.05582001    13
STARLINK-1445           
1 45662C 20035F   20218.15412616 -.00005190  00000-0 -35539-3 0  2181
2 45662  52.9976 235.9298 0001106 105.7654 323.2914 15.05595668    12
STARLINK-1446           
1 45663C 20035G   20218.15759407 -.00005461  00000-0 -37396-3 0  2188
2 45663  52.9915 235.9366 0001267  93.8628 336.0201 15.05593549    15
STARLINK-1448           
1 45665C 20035J   20218.13259705 -.00003691  00000-0 -25281-3 0  2187
2 45665  52.9999 236.0061 0001572  73.1397  41.1830 15.05583924    14
STARLINK-1449           
1 45666C 20035K   20218.12669284 -.00003479  00000-0 -23826-3 0  2181
2 45666  52.9991 236.0313 0001495  61.7169   2.6234 15.05592228    18
STARLINK-1450           
1 45667C 20035L   20218.13016674 -.00007097  00000-0 -48619-3 0  2189
2 45667  52.9991 236.0148 0001453  67.6639 357.5754 15.05581069    16
STARLINK-1451           
1 45668C 20035M   20218.10238875 -.00004487  00000-0 -30728-3 0  2188
2 45668  52.9996 236.1403 0001669  63.6118 354.8938 15.05588437    14
STARLINK-1452           
1 45669C 20035N   20218.14735296 -.00004643  00000-0 -31795-3 0  2181
2 45669  52.9999 235.9461 0001164  84.0835 344.3537 15.05596600    12
STARLINK-1453           
1 45670C 20035P   20218.15259457 -.00049053  00000-0 -53483-3 0  2186
2 45670  52.9984 223.5528 0001177  68.6734 224.7615 15.62791095    11
STARLINK-1454           
1 45671C 20035Q   20218.15082531 -.00011087  00000-0 -75952-3 0  2185
2 45671  52.9991 235.9343 0001369  90.3929 338.8857 15.05583773    17
STARLINK-1455           
1 45672C 20035R   20218.11280148  .00008007  00000-0  87303-4 0  2186
2 45672  52.9868 222.9433 0001444  49.0411  11.9101 15.62734416    14
STARLINK-1456           
1 45673C 20035S   20218.13748508 -.00005208  00000-0 -35647-3 0  2183
2 45673  53.0042 235.9585 0006811 316.6815 328.1527 15.05593704    12
STARLINK-1457           
1 45674C 20035T   20218.10586256 -.00011098  00000-0 -75992-3 0  2182
2 45674  52.9989 236.1381 0001493  70.1792 349.1446 15.05600421    13
STARLINK-1458           
1 45675C 20035U   20218.16033056 -.00005564  00000-0 -38094-3 0  2187
2 45675  52.9883 235.9506 0001168  89.4827 337.2841 15.05602894    17
STARLINK-1460           
1 45676C 20035V   20218.13364118 -.00003546  00000-0 -24281-3 0  2182
2 45676  52.9998 236.0008 0001616  65.8275   0.1846 15.05595940    11
STARLINK-1392           
1 45677C 20035W   20218.14388568 -.00004640  00000-0 -31781-3 0  2188
2 45677  52.9984 235.9592 0001357 101.8759 325.7284 15.05583958    11
STARLINK-1393           
1 45678C 20035X   20218.14648759 -.01119232  00000-0 -41668-1 0  2188
2 45678  52.9960 226.7491 0001271  74.0117 355.1724 15.28063369    16
STARLINK-1394           
1 45679C 20035Y   20218.14839353 -.01120496  00000-0 -41964-1 0  2184
2 45679  52.9961 226.7604 0001201  77.7400 350.4298 15.27868912    12
STARLINK-1395           
1 45680C 20035Z   20218.11037843 -.01133089  00000-0 -54145-1 0  2184
2 45680  52.9989 226.4407 0001059  66.5761 356.5922 15.19640531    16
STARLINK-1396           
1 45681C 20035AA  20218.15083043 -.01131873  00000-0 -42632-1 0  2189
2 45681  52.9970 226.7861 0001272  73.8347 356.2248 15.27691935    13
STARLINK-1397           
1 45682C 20035AB  20218.15498569 -.01120126  00000-0 -42668-1 0  2181
2 45682  52.9967 226.7945 0001239  72.0677 357.8397 15.27307004    16
STARLINK-1399           
1 45683C 20035AC  20218.15384100 -.01116990  00000-0 -41153-1 0  2189
2 45683  52.9958 226.7299 0001321  76.5810  55.7406 15.28404845    16
STARLINK-1401           
1 45684C 20035AD  20218.13138372 -.01138796  00000-0 -40130-1 0  2188
2 45684  52.9966 226.9257 0001212  78.7675 345.9440 15.29884853    18
STARLINK-1402           
1 45685C 20035AE  20218.12982412 -.01130766  00000-0 -39611-1 0  2181
2 45685  52.9963 226.9413 0001174  79.1282 347.9307 15.30070222    19
STARLINK-1404           
1 45686C 20035AF  20218.12600243 -.01133581  00000-0 -39248-1 0  2185
2 45686  52.9961 226.9381 0001268  77.2359 350.3144 15.30452778    17
STARLINK-1406           
1 45687C 20035AG  20218.14908626 -.00003147  00000-0 -73792-4 0  2182
2 45687  52.9988 225.3578 0001490  66.2666   2.8283 15.41493473    16
STARLINK-1408           
1 45688C 20035AH  20218.11870326 -.01119414  00000-0 -54386-1 0  2186
2 45688  52.9967 226.4688 0001317  75.4097 351.4743 15.19051017    19
STARLINK-1413           
1 45689C 20035AJ  20218.13606550 -.01138795  00000-0 -40595-1 0  2185
2 45689  52.9959 226.8733 0001227  71.8375 356.8340 15.29508132    13
STARLINK-1414           
1 45690C 20035AK  20218.15742380 -.01143709  00000-0 -43814-1 0  2189
2 45690  52.9975 226.8029 0001302  74.2968 357.1484 15.27142809    16
STARLINK-1415           
1 45691C 20035AL  20218.10117369 -.01145535  00000-0 -44968-1 0  2188
2 45691  52.9973 226.7662 0001015  59.4991   3.6798 15.26334296    12
STARLINK-1416           
1 45692C 20035AM  20218.12200943 -.01148036  00000-0 -39276-1 0  2187
2 45692  52.9964 226.9158 0001279  79.0749 347.7672 15.30855699    19
STARLINK-1417           
1 45693C 20035AN  20218.13398502 -.01128193  00000-0 -39983-1 0  2185
2 45693  52.9960 226.8944 0001244  80.6226 347.6350 15.29687848    17
STARLINK-1419           
1 45694C 20035AP  20218.13781010 -.01125891  00000-0 -40378-1 0  2188
2 45694  52.9960 226.8523 0001252  82.0090 345.2511 15.29297964    14
STARLINK-1420           
1 45695C 20035AQ  20218.15242657  .00006141  00000-0  66910-4 0  2186
2 45695  52.9998 225.0441 0001463  61.7121 233.7756 15.62752126    14
STARLINK-1422           
1 45696C 20035AR  20218.15096048 -.01131557  00000-0 -40834-1 0  2185
2 45696  52.9958 226.7739 0001339  75.2757  53.4295 15.29099789    13
STARLINK-1351           
1 45697C 20035AS  20218.11402485 -.00006227  00000-0 -67956-4 0  2189
2 45697  52.9990 225.2648 0001367  62.7237   1.3589 15.62725916    11
STARLINK-1370           
1 45698C 20035AT  20218.11332532  .00007160  00000-0  78031-4 0  2186
2 45698  52.9999 225.2452 0001289  57.7977   6.1357 15.62746018    14
STARLINK-1398           
1 45699C 20035AU  20218.11246183 -.00046015  00000-0 -50154-3 0  2182
2 45699  52.9993 225.2537 0001410  56.9382   7.1909 15.62796214    17
STARLINK-1400           
1 45700C 20035AV  20218.11228591  .00000490  00000-0  53424-5 0  2188
2 45700  52.9998 225.2366 0001317  55.7680   8.6841 15.62725168    10
STARLINK-1403           
1 45701C 20035AW  20218.11402152 -.00003822  00000-0 -41701-4 0  2184
2 45701  52.9997 225.2618 0001577  51.2629  11.5352 15.62727580    12
STARLINK-1405           
1 45702C 20035AX  20218.11133031 -.00496597  00000-0 -46611-2 0  2180
2 45702  52.9867 213.9343 0000796   3.9531 117.8879 15.67012062    17
STARLINK-1407           
1 45703C 20035AY  20218.15274075  .00005861  00000-0  63862-4 0  2186
2 45703  52.9997 225.0530 0001231  50.4463 239.1633 15.62751522    12
STARLINK-1409           
1 45704C 20035AZ  20218.11280546 -.00002336  00000-0 -16009-3 0  2189
2 45704  52.9986 236.0936 0001482  66.5901 354.4636 15.05565985    13
STARLINK-1410           
1 45705C 20035BA  20218.13710897 -.00003781  00000-0 -25903-3 0  2187
2 45705  53.0007 235.9862 0001524  75.7840 351.0740 15.05578583    14
STARLINK-1411           
1 45706C 20035BB  20218.15821611  .00007183  00000-0  78299-4 0  2182
2 45706  52.9999 225.0689 0001534  59.5253 241.8458 15.62739123    13
STARLINK-1412           
1 45707C 20035BC  20218.15981548 -.00008367  00000-0 -91269-4 0  2188
2 45707  52.9999 225.0585 0001655  67.4840 244.1573 15.62738922    13
STARLINK-1418           
1 45708C 20035BD  20218.05696619  .00008684  00000-0  94607-4 0  2189
2 45708  52.9994 225.5427 0001295  41.5462  62.5223 15.62753589    12
STARLINK-1421           
1 45709C 20035BE  20218.11159138 -.00004816  00000-0 -52465-4 0  2188
2 45709  52.9997 225.2393 0001625  31.7506  31.2356 15.62766086    18
STARLINK-1423           
1 45710C 20035BF  20218.11159150 -.00004278  00000-0 -46641-4 0  2185
2 45710  53.0000 225.2370 0001491  58.0288   6.2966 15.62745307    14
STARLINK-1433           
1 45711C 20035BG  20218.11488890  .00000902  00000-0  98383-5 0  2181
2 45711  52.9994 225.2625 0001262  57.4940   7.6532 15.62719874    16
STARLINK-1434           
1 45712C 20035BH  20218.12492817 -.00027088  00000-0 -29469-3 0  2180
2 45712  52.9883 223.6579 0008521 353.1090 130.6192 15.62778496    15
STARLINK-1436 (VISORSAT)
1 45713C 20035BJ  20218.14336458 -.01115481  00000-0 -40201-1 0  2182
2 45713  52.9961 226.8206 0001224  79.5727 347.7333 15.29127299    14
STARLINK-1437           
1 45714C 20035BK  20218.11558284 -.00049754  00000-0 -54234-3 0  2184
2 45714  52.9994 225.2628 0001390  57.4890   7.6682 15.62797694    10
STARLINK-1438           
1 45715C 20035BL  20218.08776506  .01389498  00000-0  67179-2 0  2182
2 45715  52.9956 222.7998 0001163  82.7613  29.7369 15.80459635    10
STARLINK-1439           
1 45716C 20035BM  20218.10638681  .00008128  00000-0  88444-4 0  2184
2 45716  52.9987 221.4918 0008114 334.2429  89.9659 15.62743198    16
STARLINK-1461           
1 45730C 20038A   20218.01524075  .00007945  00000-0  54412-3 0  2187
2 45730  53.0111  46.4745 0001183  75.5169  61.7363 15.05576866    14
STARLINK-1465           
1 45731C 20038B   20218.11729679  .00002177  00000-0  14914-3 0  2181
2 45731  53.0037  46.0719 0001423  86.4624 172.2376 15.05574169    19
STARLINK-1466           
1 45732C 20038C   20218.01852939  .00008051  00000-0  55122-3 0  2180
2 45732  53.0091  46.4729 0001571  76.1200  60.8636 15.05586385    19
STARLINK-1467           
1 45733C 20038D   20218.08465302 -.01103323  00000-0 -84451-1 0  2188
2 45733  52.9993  45.2464 0001704  69.3904 164.1056 15.02512766    18
STARLINK-1468           
1 45734C 20038E   20218.00863595  .00007666  00000-0  52514-3 0  2184
2 45734  52.9831  46.6585 0001213 113.1366  24.3155 15.05566958    16
STARLINK-1471           
1 45735C 20038F   20218.06175706  .00005573  00000-0  38154-3 0  2180
2 45735  53.0008  46.3261 0001733  97.1645 130.2972 15.05594127    14
STARLINK-1472           
1 45736C 20038G   20218.02356773  .00007783  00000-0  53282-3 0  2186
2 45736  53.0038  46.4807 0001398  72.2872  74.0546 15.05593418    12
STARLINK-1473           
1 45737C 20038H   20217.97582958  .01384711  00000-0  67639-2 0  2175
2 45737  53.0047  36.7027 0001278  69.6357  60.2732 15.80243508    13
STARLINK-1474           
1 45738C 20038J   20218.04831927  .00006818  00000-0  46677-3 0  2187
2 45738  53.0033  46.3807 0001427  78.8632 147.6846 15.05589016    16
STARLINK-1475           
1 45739C 20038K   20217.94718168 -.00104487  00000-0 -11391-2 0  2173
2 45739  52.9995  39.4341 0001356  44.9112  82.0710 15.62849696    14
STARLINK-1479           
1 45740C 20038L   20218.05813740  .00005917  00000-0  40512-3 0  2185
2 45740  53.0011  46.3411 0000730  91.0561 134.7781 15.05592617    16
STARLINK-1480           
1 45741C 20038M   20218.01211093  .00007998  00000-0  54777-3 0  2184
2 45741  53.0194  46.4412 0001035  54.0586  84.1851 15.05578091    12
STARLINK-1481           
1 45742C 20038N   20218.02062730  .00007001  00000-0  47939-3 0  2185
2 45742  52.9960  46.5404 0001465  98.9574 139.4517 15.05586301    11
STARLINK-1483           
1 45743C 20038P   20217.98576841 -.00001687  00000-0 -11559-3 0  2177
2 45743  53.0026  46.6614 0001459 101.0653 128.3893 15.05577324    17
STARLINK-1500           
1 45744C 20038Q   20217.99197609  .00007100  00000-0  48628-3 0  2171
2 45744  52.9991  46.6439 0001406 102.5315  34.4501 15.05575254    18
STARLINK-1503           
1 45745C 20038R   20218.06496700 -.00019830  00000-0 -13580-2 0  2189
2 45745  52.9996  46.3141 0001532 106.4443 120.4825 15.05604958    15
STARLINK-1504           
1 45746C 20038S   20218.01220464 -.00002315  00000-0 -15860-3 0  2181
2 45746  52.9996  46.5539 0001347  98.3402 130.4653 15.05575913    15
STARLINK-1506           
1 45747C 20038T   20218.01278705 -.00011309  00000-0 -77445-3 0  2183
2 45747  53.0003  46.5543 0001166  82.1240 131.8297 15.05597827    19
STARLINK-1507           
1 45748C 20038U   20218.06884640  .00005180  00000-0  35471-3 0  2181
2 45748  52.9988  46.2984 0001279 110.9478 119.0049 15.05582271    14
STARLINK-1516           
1 45749C 20038V   20218.02487795  .00019356  00000-0  20740-3 0  2181
2 45749  53.0008  38.9859 0001462  98.9771 129.2096 15.63167169    18
STARLINK-1391           
1 45750C 20038W   20217.94749985 -.00003200  00000-0 -34874-4 0  2171
2 45750  52.9998  38.6807 0001828  40.4815  87.2514 15.62755105    13
STARLINK-1464           
1 45751C 20038X   20217.94665728 -.00018185  00000-0 -19836-3 0  2172
2 45751  52.9999  38.6825 0001448  44.2147  81.3711 15.62748262    13
STARLINK-1469           
1 45752C 20038Y   20217.96141730  .00003234  00000-0  35294-4 0  2171
2 45752  52.9992  38.6217 0001589  50.1704 153.4623 15.62710951    10
STARLINK-1476           
1 45753C 20038Z   20217.94787326 -.00021563  00000-0 -23510-3 0  2171
2 45753  53.0000  38.6879 0001795  34.0217  90.6860 15.62763009    13
STARLINK-1477           
1 45754C 20038AA  20217.94819760 -.00028495  00000-0 -31063-3 0  2173
2 45754  53.0000  38.6954 0001664  34.6606  89.3969 15.62773342    17
STARLINK-1478           
1 45755C 20038AB  20217.95714887  .00013871  00000-0  15134-3 0  2170
2 45755  52.9995  38.5736 0001772  39.3758 170.7403 15.62709172    14
STARLINK-1484           
1 45756C 20038AC  20217.88659139 -.00035344  00000-0 -38530-3 0  2177
2 45756  53.0000  39.0142 0001430  14.8274 112.2628 15.62781172    13
STARLINK-1486           
1 45757C 20038AD  20217.94474758  .00011886  00000-0  12964-3 0  2173
2 45757  52.9997  38.6580 0001564  41.7761  88.3397 15.62720587    15
STARLINK-1487           
1 45758C 20038AE  20217.94405931  .00013008  00000-0  14181-3 0  2172
2 45758  52.9995  38.6542 0001322  39.4815  91.8335 15.62731747    19
STARLINK-1493           
1 45759C 20038AF  20217.94961616 -.00022971  00000-0 -25046-3 0  2173
2 45759  52.9999  38.6998 0001581  42.2610  84.7178 15.62763845    11
STARLINK-1494           
1 45760C 20038AG  20217.94977418  .00007275  00000-0  79355-4 0  2173
2 45760  53.0000  38.6987 0001782  36.8531  88.5337 15.62723231    14
STARLINK-1495           
1 45761C 20038AH  20218.02920321 -.00026176  00000-0 -28556-3 0  2185
2 45761  52.9998  38.2451 0001448  37.3589 205.6426 15.62753733    10
STARLINK-1499           
1 45762C 20038AJ  20217.96119617  .00006795  00000-0  74121-4 0  2178
2 45762  52.9999  38.6067 0001143  32.7157 177.2530 15.62723195    10
STARLINK-1501           
1 45763C 20038AK  20217.94526880 -.00025674  00000-0 -28010-3 0  2175
2 45763  52.9998  38.6698 0001411  48.9272  79.0135 15.62750617    14
STARLINK-1502           
1 45764C 20038AL  20217.94613803 -.00010035  00000-0 -10947-3 0  2173
2 45764  52.9998  38.6670 0001368  58.9913  71.2975 15.62737091    16
STARLINK-1508           
1 45765C 20038AM  20217.94596556 -.00002775  00000-0 -30280-4 0  2174
2 45765  52.9997  38.6747 0001381  52.8924  73.9114 15.62722227    10
STARLINK-1509           
1 45766C 20038AN  20218.02612038 -.00024152  00000-0 -26337-3 0  2180
2 45766  52.9996  38.2545 0001795  33.9485 196.7419 15.62761241    14
STARLINK-1511           
1 45767C 20038AP  20218.02327214 -.00025670  00000-0 -27992-3 0  2184
2 45767  52.9994  38.2554 0001390  40.9003 178.8483 15.62764489    17
STARLINK-1521           
1 45768C 20038AQ  20217.94977966 -.00004807  00000-0 -52442-4 0  2177
2 45768  53.0003  38.6917 0001604  33.8986  96.5688 15.62728562    12
STARLINK-1459           
1 45769C 20038AR  20218.00490581  .00000284  00000-0  19454-4 0  2189
2 45769  52.9953  46.6082 0001352 102.0124 123.1999 15.05574585    13
STARLINK-1462           
1 45770C 20038AS  20217.94856691 -.00019313  00000-0 -21053-3 0  2172
2 45770  53.0002  38.7094 0001714  39.5049  80.2923 15.62764738    13
STARLINK-1463           
1 45771C 20038AT  20217.94837719  .00015447  00000-0  16846-3 0  2179
2 45771  53.0001  38.6979 0001433  33.8818  89.9636 15.62720505    14
STARLINK-1470           
1 45772C 20038AU  20217.94804372 -.00006414  00000-0 -69984-4 0  2177
2 45772  53.0001  38.6799 0001604  38.2740  91.3312 15.62728631    14
STARLINK-1482           
1 45773C 20038AV  20217.94752523 -.00035961  00000-0 -39200-3 0  2174
2 45773  53.0001  38.6716 0001873  36.1605  95.5528 15.62782316    14
STARLINK-1485           
1 45774C 20038AW  20218.02309884 -.00019862  00000-0 -21664-3 0  2181
2 45774  52.9998  38.2524 0001666  42.5605 177.4752 15.62751716    11
STARLINK-1488           
1 45775C 20038AX  20218.02402289 -.00009456  00000-0 -10320-3 0  2180
2 45775  52.9998  38.2614 0001605  53.8691 168.8915 15.62725245    18
STARLINK-1489           
1 45776C 20038AY  20217.94492780  .00001280  00000-0  13963-4 0  2177
2 45776  52.9999  38.6608 0001509  38.6435  91.2079 15.62718788    11
STARLINK-1490           
1 45777C 20038AZ  20217.94439862  .00009599  00000-0  10475-3 0  2175
2 45777  52.9998  38.6536 0001591  42.2894  87.1613 15.62708696    17
STARLINK-1491           
1 45778C 20038BA  20217.95117581  .00017977  00000-0  19605-3 0  2171
2 45778  53.0003  38.7016 0001491  35.9224  96.0239 15.62717624    10
STARLINK-1492           
1 45779C 20038BB  20217.94891015 -.00012224  00000-0 -13343-3 0  2177
2 45779  53.0002  38.6998 0001699  47.5084  76.8383 15.62723141    18
STARLINK-1496           
1 45780C 20038BC  20218.02288569  .00022963  00000-0  25045-3 0  2185
2 45780  52.9998  38.2573 0001789  32.7281 188.7084 15.62710181    13
STARLINK-1497           
1 45781C 20038BD  20217.94631370 -.00030328  00000-0 -33076-3 0  2176
2 45781  53.0001  38.6732 0001316  59.4163  70.6259 15.62765160    13
STARLINK-1498           
1 45782C 20038BE  20218.02781086  .00027036  00000-0  29485-3 0  2187
2 45782  53.0000  38.2537 0001540  37.1189 196.7589 15.62708611    16
STARLINK-1505           
1 45783C 20038BF  20217.94544435 -.00030130  00000-0 -32867-3 0  2171
2 45783  52.9999  38.6676 0001567  43.5713  84.1345 15.62759004    15
STARLINK-1510           
1 45784C 20038BG  20218.02603197 -.00013523  00000-0 -14759-3 0  2181
2 45784  52.9998  38.2493 0001444  44.4154 187.1103 15.62730960    17
STARLINK-1512           
1 45785C 20038BH  20217.94786957  .00006783  00000-0  74006-4 0  2177
2 45785  53.0001  38.6907 0001756  42.1670  83.9104 15.62717221    12
STARLINK-1513           
1 45786C 20038BJ  20217.94646335 -.00003701  00000-0 -40364-4 0  2172
2 45786  53.0000  38.6722 0001495  45.0749  83.2155 15.62736268    17
STARLINK-1517           
1 45787C 20038BK  20217.94770725  .00000820  00000-0  89430-5 0  2179
2 45787  53.0001  38.6797 0001507  42.9911  87.2289 15.62730431    10
